0.84 1.02869090909
6.3 6.27281818182
0.32 1.16248484848
1.7 1.75354545455
1.9 1.86518181818
1.0 1.28481818182
0.37 1.11554545455
0.55 0.501636363636
8.3 8.09590909091
0.22 0.248881818182
0.5 0.573727272727
0.71 1.05790909091
0.42 0.5804
0.98 1.46872727273
1.9 1.75027272727
0.32 76.0995454545
0.45 1.26636363636
1.5 1.49918181818
1.6 1.95863636364
0.58 0.6465
2.2 2.16
1.1 1.21168181818
0.8 1.25045454545
3.2 3.12363636364
6.6 8.95120454545
0.37 0.574909090909
0.16 0.216181818182
0.33 0.340181818182
60.0 39.2533636364
8.7 9.19136363636
17.0 2.40090909091
0.25 0.269
6.1 6.20136363636
0.22 0.266727272727
1.3 1.27745454545
1.6 1.42118181818
0.3 0.961545454545
0.57 1.31105454545
0.77 1.17918181818
0.94 2.71727272727
0.17 2.69845454545
4.9 7.49045454545
15.0 9.16418181818
0.95 1.34272727273
0.85 3.21363636364
0.6 1.24116969697
0.1 1.58836969697
3.3 3.01309090909
0.47 7.25436363636
0.12 1.2487
15.0 6.28309090909
13.0 8.98481818182
33.0 20.7701757576
0.26 0.267545454545
0.18 0.186909090909
1.6 1.51318181818
1.1 4.55487878788
0.29 3.52163636364
3.8 3.87536363636
1.3 1.12431818182
0.28 0.263490909091
4.8 4.38754545455
0.67 4.18481818182
0.2 0.385636363636
2.5 1.85754545455
12.0 9.97927272727
9.0 71.8514545455
2.4 2.56181818182
0.84 1.59445454545
10.0 8.68381818182
0.29 1.08318181818
0.85 0.932190909091
0.11 0.250845454545
3.1 2.83045454545
0.75 0.915
3.9 3.9483030303
1.3 2.16009090909
1.7 2.72990909091
0.16 0.3906
0.72 1.17072727273
0.84 1.68963636364
4.9 6.37527272727
12.0 10.1201515152
0.63 0.689090909091
0.75 0.425454545455
0.17 0.180272727273
1.2 1.13538181818
0.18 0.208118181818
1.3 4.54
0.13 2.34863636364
0.23 0.244636363636
0.16 0.169181818182
0.22 1.30603030303
0.12 0.166936363636
0.13 0.194272727273
0.28 0.786363636364
0.28 0.222181818182
0.24 0.213454545455
0.13 0.180863636364
0.054 0.104572727273
0.17 0.664045454545
0.17 0.496772727273
0.19 0.247909090909
0.13 0.137318181818
0.17 0.182636363636
0.24 0.309
0.21 0.230454545455
0.31 0.579018181818
0.2 0.211545454545
0.27 1.08252727273
0.085 0.111545454545
0.15 0.169909090909
0.21 0.246909090909
0.46 0.470727272727
0.07 0.124
0.13 0.147727272727
0.21 0.210545454545
0.33 0.895427272727
0.39 3.33492727273
0.26 1.03363636364
0.94 0.911545454545
0.25 29.2901818182
140.0 130.892636364
3.3 4.63990909091
10.0 9.31690909091
0.19 0.259318181818
0.9 1.01536363636
3.9 3.308
4.1 4.71572727273
0.08 0.518272727273
0.49 0.778236363636
0.15 0.189818181818
0.23 1.10173636364
1.2 1.19253181818
2.1 1.87203030303
0.14 1.58836969697
12.0 10.4553636364
7.7 2.21281818182
1.5 1.83881818182
0.22 0.418363636364
0.58 1.23968181818
1.9 1.78772727273
0.79 3.33302272727
13.0 14.4327272727
2.9 2.345
3.3 2.90754545455
1.6 68.7710909091
1.6 1.87372727273
2.0 2.01145454545
3.5 3.56081818182
6.1 4.151
0.76 2.18309090909
1.1 1.09381818182
0.73 0.77966969697
3.3 2.93607272727
1.2 1.07409090909
0.14 1.05081818182
0.39 1.59490909091
0.37 0.503363636364
0.83 1.52518181818
0.088 9.16702424242
2.6 2.92581818182
4.6 3.15390909091
2.2 1.709
1.3 1.18745454545
7.1 6.20454545455
15.0 12.525
0.45 0.968090909091
0.3 0.507818181818
0.94 1.12431818182
11.0 9.67545454545
0.18 0.417872727273
1.6 2.82009090909
8.4 7.48272727273
0.55 0.698636363636
0.068 2.39909090909
0.26 0.258454545455
1.0 1.74790909091
0.21 0.851386363636
0.13 0.155836363636
0.22 0.762072727273
0.11 0.210545454545
0.77 0.856181818182
0.097 0.628490909091
0.44 1.48472727273
4.1 2.79845454545
4.8 5.02863636364
4.1 2.87081818182
6.5 5.83045454545
1.2 1.61618181818
0.42 1.29672727273
0.52 1.18454545455
2.1 3.31270909091
3.3 2.33345454545
2.0 2.2654004329
3.4 3.97809090909
0.22 1.43060606061
1.2 3.94881818182
1.3 1.72127272727
12.0 8.04236363636
0.28 0.848
22.0 30.6966666667
0.69 0.876909090909
1.9 6.83527272727
1.1 3.717
1.6 2.05245454545
2.0 2.55118181818
0.38 0.411
2.2 3.03681818182
2.2 1.77714545455
1.1 1.132
2.0 1.80633333333
0.63 0.651909090909
0.27 0.576272727273
45.0 30.6966666667
0.54 1.85789090909
0.17 1.25469090909
0.17 0.590936363636
3.6 4.422
0.048 1.85755151515
0.12 1.0033
0.95 1.47672727273
1.2 1.55627272727
1.2 2.21954545455
0.12 5.09794545455
0.26 0.246745454545
1.7 1.50972727273
4.3 5.55818181818
0.61 1.33836363636
2.3 1.70463636364
2.1 1.87190909091
2.7 2.07131818182
0.18 1.19463636364
1.5 1.1796
0.44 1.05209090909
1.2 1.79172727273
4.4 3.41472727273
1.2 1.80090909091
3.0 2.67527272727
0.89 7.28409090909
1.1 1.20027272727
1.5 4.07827272727
6.1 5.69909090909
1.6 1.69621212121
0.19 0.477818181818
0.75 2.18722727273
0.68 0.651772727273
2.2 3.23290909091
0.8 0.88803030303
1.9 2.02933333333
0.14 0.319090909091
0.23 0.528818181818
1.1 1.564
3.6 4.53384848485
0.42 0.493572727273
0.25 2.14072727273
0.5 0.535090909091
0.15 0.798945454545
0.32 0.325645454545
0.13 0.6595
0.086 0.808327272727
3.6 2.88136363636
0.12 0.181327272727
0.71 0.755242424242
2.3 2.68463636364
1.0 1.40281818182
1.7 1.85045454545
23.0 17.9760909091
1.5 1.39536363636
0.33 0.741518181818
0.46 1.05381818182
0.19 0.850909090909
0.16 2.46554545455
0.08 1.41236363636
3.7 3.396
5.6 1.83318181818
17.0 12.8755454545
1.1 1.43233333333
1.5 2.606
0.38 0.589181818182
4.3 3.73
700.0 495.168121212
0.52 1.22218181818
0.25 2.10254545455
0.55 1.06318181818
0.15 0.658363636364
12.0 9.43027272727
38.0 23.8795454545
3.3 3.02136363636
4.4 3.09409090909
0.62 0.77966969697
0.37 0.662118181818
3.9 4.05536363636
0.24 0.348454545455
12.0 11.1604545455
0.82 1.88336363636
0.035 6.96732121212
0.096 0.152109090909
4.9 4.40418181818
11.0 8.54945454545
0.16 0.417363636364
0.28 0.38
0.22 0.409727272727
0.17 0.255490909091
0.94 2.66718181818
3.5 3.23733333333
3.1 2.52120454545
0.32 0.278818181818
1.5 1.51763636364
1.9 28.4422727273
0.19 0.293818181818
1.5 1.62904545455
7.4 5.53954545455
11.0 7.32936363636
0.26 0.245181818182
2.9 3.871
3.9 3.32672727273
0.48 2.33945454545
0.13 0.301736363636
0.11 0.226727272727
0.17 1.03672727273
12.0 14.5700909091
4.8 5.02863636364
0.29 6.71809090909
1.3 1.12309090909
0.28 1.73660909091
1.9 2.86245454545
0.38 0.580072727273
1.7 2.443
1.2 1.42544155844
12.0 10.1350909091
1.5 1.56645454545
0.24 0.423818181818
1.8 2.049
1.0 2.65290909091
0.58 1.158
0.89 0.890454545455
0.62 0.672454545455
1.3 1.36263636364
6.6 6.76709090909
1.6 1.4596
0.37 4.38327272727
0.87 1.50443636364
0.24 0.417872727273
45.0 33.5704545455
10.0 6.44568181818
1.2 1.31754545455
7.9 6.926
0.23 2.32948181818
0.15 0.533
14.0 10.3380909091
0.48 0.836090909091
2.4 7.72272727273
2.3 2.61368181818
0.95 1.45954545455
0.7 0.792890909091
3.3 5.00936363636
1.0 2.42476363636
0.3 0.289636363636
0.64 11.6181818182
4.4 6.516
4.3 4.77818181818
0.32 0.278909090909
0.86 1.23754545455
1.1 1.43056060606
0.43 1.29921212121
0.69 1.46190909091
2.6 3.36381818182
0.8 1.25090909091
2.2 2.05740909091
1.2 0.997318181818
11.0 7.79774545455
3.2 2.80027272727
0.4 8.86887575758
1.6 1.485
3.1 2.62954545455
0.17 0.215136363636
0.4 0.672454545455
5.9 5.26127272727
0.09 0.161
3.1 4.15245454545
0.21 0.610418181818
1.1 6.54372727273
0.28 1.23472727273
0.25 1.1717
1.6 1.40663636364
4.2 9.13113636364
12.0 11.7903636364
0.27 1.81288484848
1.1 1.68354545455
0.15 0.806090909091
2.3 2.71272727273
0.17 0.171263636364
1.4 1.89063636364
1.8 1.76427272727
1.9 1.96990909091
0.22 0.216272727273
4.6 4.82154545455
8.2 6.55051515152
1.7 1.95554545455
7.6 4.21027272727
0.36 0.378127272727
2.4 2.821
0.15 0.253068181818
11.0 9.26145454545
0.51 2.35363636364
5.6 5.64045454545
4.9 4.64736363636
0.74 1.29681818182
0.073 0.733336363636
1.3 1.40445454545
1.0 2.30290909091
2.6 3.62709090909
0.79 1.076
1.1 1.73372727273
5.5 3.76523636364
1.7 1.76518181818
6.1 1.38781818182
0.57 0.680090909091
1.0 7.60927272727
0.3 2.04272727273
6.0 5.66127272727
2.5 2.63345454545
22.0 10.2231818182
1.6 1.42544155844
0.31 5.98127272727
0.07 0.653336363636
0.24 0.437181818182
1.8 1.61181818182
0.37 0.548181818182
0.19 0.392272727273
0.59 0.856
0.55 0.701636363636
0.85 1.80554545455
2.5 2.51109090909
1.7 1.98309090909
3.0 3.77223636364
6.3 6.43827272727
1.8 1.53772727273
0.2 33.4691
0.19 0.236818181818
0.17 2.32815454545
1.0 1.51045454545
0.41 2.19216363636
18.0 12.9630909091
1.5 1.51666666667
1.1 1.31509090909
0.24 0.365545454545
53.0 39.8355454545
3.4 3.88327272727
0.91 0.903575757576
1.8 2.146
0.76 0.610818181818
18.0 14.8178181818
1.4 1.25009090909
6.9 11.7960909091
0.3 0.315181818182
0.54 0.925690909091
0.41 0.374363636364
2.0 1.76054545455
1.2 1.75727272727
0.27 0.229581818182
0.35 1.4063
0.17 0.176654545455
4.7 4.68227272727
1.4 3.80945454545
0.27 1.46423636364
0.46 0.646
0.73 1.326
0.86 0.779090909091
0.57 0.758954545455
3.7 3.37772727273
4.0 2.10327272727
0.13 0.176181818182
2.2 2.09172727273
22.0 7.15972727273
0.74 2.15554545455
8.1 8.29809090909
14.0 11.1408181818
2.2 2.0318030303
4.7 4.39872727273
12.0 10.3470909091
3.1 3.08345454545
0.34 0.843727272727
0.56 2.75816363636
1.1 1.53372727273
0.43 0.975272727273
45.0 112.394727273
0.13 6.00954545455
2.9 2.58774891775
1.8 2.58774891775
0.67 0.9428
0.22 0.525454545455
1.2 7.74545454545
1.6 3.07690909091
0.65 2.59254545455
1.4 1.91681818182
0.4 1.70340909091
0.65 1.44248484848
0.35 0.927509090909
0.21 0.989454545455
14.0 8.68872727273
0.25 0.240209090909
9.3 7.53863636364
0.97 2.35654545455
6.3 4.76945454545
1.1 2.08963636364
4.4 4.29954545455
1.3 1.72031818182
1.9 2.63772727273
0.21 1.14084545455
0.54 2.35309090909
1.2 1.98463636364
0.75 2.17290909091
0.21 0.207227272727
0.2 0.250321212121
1.7 1.32572727273
12.0 9.24545454545
3.6 3.87393939394
3.1 2.69854545455
1.9 3.51363636364
0.82 1.07263636364
1.4 1.50227272727
0.19 0.176927272727
1.5 1.759
2.8 3.014
8.2 7.34909090909
1.3 1.34918181818
3.9 2.99409090909
0.13 1.30436363636
0.23 4.16809090909
0.67 0.665909090909
0.34 0.574781818182
9.4 4.45190909091
0.32 0.391454545455
0.15 0.176545454545
0.29 0.355790909091
0.3 0.435181818182
0.12 1.53036363636
0.17 0.382090909091
1.7 1.89472727273
0.04 0.124881818182
0.54 1.28992727273
11.0 8.772
1.2 2.02754545455
3.3 4.44854545455
0.21 0.930363636364
5.3 4.69136363636
1.5 1.21309090909
0.11 1.313
3.0 2.87185454545
5.3 3.96823636364
0.5 1.051
3.0 3.48445454545
0.41 0.949072727273
0.83 0.758218181818
0.19 0.507181818182
0.98 1.14521818182
1.5 1.56709090909
5.1 9.33836363636
0.13 0.219590909091
1.2 1.14663636364
0.28 1.71990909091
0.95 1.00409090909
0.51 0.581818181818
1.2 0.827353030303
1.6 1.35162424242
1.1 1.52227272727
1.1 1.30072727273
0.16 0.177045454545
12.0 8.9023
4.0 3.799
1.5 1.57163636364
0.59 0.647363636364
0.56 15.168
0.99 1.73836363636
2.4 2.194
0.23 0.215109090909
1.8 2.01572727273
4.0 3.94836363636
0.12 0.311236363636
0.12 2.94233636364
1.5 1.39961515152
1.5 10.3425454545
0.23 1.86651818182
57.0 52.3658181818
1.8 2.18372727273
0.21 2.81654545455
25.0 19.2404545455
2.8 2.79
0.38 0.577787878788
4.4 5.59422727273
0.52 1.16718181818
1.4 2.84084848485
13.0 9.426
0.58 1.244
0.18 1.536
1.5 2.524
0.77 3.39154545455
16.0 13.06
9.7 7.43363636364
0.7 1.48763636364
1.3 1.71503030303
1.0 0.947181818182
0.45 4.24266363636
0.8 1.00972727273
0.75 2.06209090909
0.14 0.643545454545
0.22 0.399972727273
1.8 3.081
0.54 0.815090909091
3.0 2.199
0.3 0.511754545455
4.4 3.81090909091
3.7 9.49336363636
0.11 0.617727272727
0.73 1.34554545455
28.0 20.9697272727
2.4 9.84036363636
5.0 18.1136606061
23.0 19.5627575758
2.2 2.17136363636
0.5 0.908098484848
0.13 0.432054545455
0.64 1.29
0.54 0.682363636364
1.3 1.26227272727
0.23 0.303545454545
1.8 1.31018181818
1.0 4.66272727273
0.6 1.56863636364
1.8 1.96863636364
0.54 1.261
0.19 1.31678181818
1.3 1.54945454545
1.3 4.62801818182
