13	101.88	3	1.7465	286.33232	0	0	24	21	6	7	13	1	80.4039	10	0	0	1.1	10	1.0286909091
14	80.32	2	3.4794	396.45954	0	0	33	30	7	6	16	0	117.4911	17	1	0	7.6	20	6.2728181818
2.2	325.75	14	-9.5907	646.61276	0	0	49	46	20	18	48	1	137.9468	0	1	0	2.4	13	1.1624848485
10	92.24	3	1.4123	337.43386	0	0	26	26	7	5	18	2	96.3114	6	1	0	2.8	11	1.7535454546
4	62.64	3	0.7634	278.36996	0	0	21	21	5	4	13	2	81.9396	6	1	0	6.4281428571	6.6	1.8651818182
5	49.33	2	1.4236	151.16256	0	0	11	11	3	3	4	1	42.7777	6	0	0	4.5845714286	10	1.2848181818
0.65	151.66	2	0.998	222.24544	0	0	13	13	7	8	5	3	45.2161	5	0	0	9.5	10	1.1155454546
3.1	108.03	2	-1.4383	162.18692	0	0	9	10	4	5	7	2	36.9092	0	0	1	3	10	0.5016363636
5.4	30.74	1	3.2375	354.50568	0	0	28	27	3	2	15	1	109.2867	12	1	0	26	22	8.0959090909
12	66.43	0	-0.0246	179.14948	0	0	13	13	3	4	5	2	42.958	6	0	1	3.0835714286	8.8	0.2488818182
0.69	89.36	1	-2.8764	178.57368	0	0	14	14	6	4	12	2	40.7216	0	1	1	12	10	0.5737272727
4.7	119.05	3	-0.7506	225.20464	0	0	18	17	7	7	7	1	55.6759	10	0	0	2.5	10	1.0579090909
3.7	151.85	1	1.0179	271.169861	0	0	19	18	6	9	8	1	59.6109	10	0	2	1.9	10	0.5804
6.2	47.51	1	1.3518	352.84066	0	0	29	26	4	4	11	1	104.4187	17	1	0	2.6	11	1.4687272727
7.8	77.3	4	0.2798	240.31868	0	0	19	19	5	3	13	0	68.853	6	1	0	4.1	10	1.7502727273
1.3	46.94	2	5.5232	666.8934	0	0	60	50	4	4	42	6	215.9236	12	2	0	4.1	22	76.0995454545
3.9	86.69	1	1.536	417.52512	0	0	33	31	7	8	20	2	120.3937	11	1	0	1.9	11	1.2663636364
5.9	111.83	2	2.3228	389.44878	0	0	30	28	9	9	18	1	106.7551	11	0	0	4.2	10	1.4991818182
6.6	84.34	3	1.8897	316.37818	0	0	27	25	7	5	15	2	92.2116	10	1	0	4	10	1.9586363636
11	74.43	2	-0.3538	136.11146	0	0	13	12	5	3	2	1	34.5094	10	0	0	0.88	10	0.6465
8.9	65.99	2	1.7992	336.47224	0	0	27	25	5	3	15	2	99.6944	10	1	0	4.2	8.6	2.16
8.7	53.92	1	2.3462	294.35102	0	0	26	23	4	4	10	1	89.4632	15	0	0	2.1	10	1.2116818182
0.74	43.07	0	3.0157	308.76492	0	0	25	22	3	4	7	1	90.651	17	0	0	18	14	1.2504545455
15	46.07	2	1.1266	250.35656	0	0	20	20	4	2	13	1	76.2962	6	1	0	3.6	10	3.1236363636
4.8	27.64	1	1.1971	152.25662	0	0	16	14	3	0	16	0	47.8451	0	1	0	23	16	8.9512045455
6.3	102.95	1	-1.9721	325.42642	0	0	25	23	6	6	22	3	93.5112	0	1	1	1	8.8	0.5749090909
1.1	338.42	13	-10.9005	589.63428	0	0	54	52	26	14	53	1	134.0225	0	4	0	8.8421428571	22	0.2161818182
9.3	86.38	2	-0.0809	152.12744	0	0	11	11	3	4	4	1	37.8864	6	0	1	3.1124285714	10	0.3401818182
1.9	43.88	1	5.5191	646.31954	0	0	34	32	3	3	17	1	145.5902	16	1	0	620	820	39.2533636364
6.1	4.44	1	2.7515	278.41126	0	0	24	22	1	0	11	1	92.2197	12	1	0	24	16	9.1913636364
7	101.5	2	1.8783	409.88384	0	0	32	31	9	6	22	4	110.1838	6	1	0	40	10	2.4009090909
3.3	162.71	3	-1.699	365.40416	0	0	30	28	10	8	21	3	93.9023	6	1	1	1.3	13	0.269
9.7	27.64	1	0.8595	136.21416	0	0	13	13	3	0	7	0	44.9871	6	1	0	10	16	6.2013636364
2.8	142.48	2	-1.4046	349.40476	0	0	29	27	9	7	20	3	91.8793	6	1	1	1.3	11	0.2667272727
8.9	71.77	2	1.6003	187.19796	0	0	16	15	4	3	3	1	54.6981	12	0	0	2.4	10	1.2774545455
4.3	88.7	2	5.7385	393.45886	0	0	31	28	6	5	7	2	113.5544	22	0	0	22.44	13	1.4211818182
2.6	117.8	3	5.7974	464.53676	0	0	36	33	8	7	11	3	131.5166	22	0	0	1.9	20	0.9615454545
0.21	377.42	14	0.6548	1140.23692	0	0	88	82	24	24	57	7	316.9704	24	0	0	45	17	1.3110545455
0.64	26.93	0	1.4844	188.22578	0	0	15	14	1	3	3	1	56.257	11	0	0	20	16	1.1791818182
1	84.44	3	5.1042	535.4346024	0	7	43	40	7	4	25	1	119.7821	17	1	0	16	20	2.7172727273
5	190.66	5	0.397	508.63414	0	0	39	37	11	10	28	5	139.2234	6	1	1	0.57	13	2.6984545455
0.83	46.01	2	5.2144	449.39332	0	0	34	31	5	4	21	1	134.2184	12	1	0	98	22	7.4904545455
1070	103.35	0	1.2677	383.41288	0	0	30	27	7	8	28	2	90.5215	0	0	1	6.5189642857	11	9.1641818182
2.5	89.16	3	0.1262	267.34402	0	0	21	21	6	4	14	1	74.8706	6	1	0	6.3	10	1.3427272727
9.3	25.84	1	2.6984	256.36268	0	0	22	21	3	1	10	0	80.8674	12	1	0	1.5	20	3.2136363636
0.15	57.2	0	5.3776	365.82952	0	0	29	26	2	3	14	3	100.0975	12	0	1	67	22	1.241169697
5.7	126.44	0	7.9831	929.14498	0	0	72	67	12	12	46	2	267.341	24	2	0	0.36	26	1.588369697
7.6	50.97	2	2.083	290.37736	0	0	24	22	4	3	17	1	85.4705	6	1	0	7.2	8.6	3.0130909091
35	143.72	4	-2.5868	244.20468	0	0	18	17	8	9	11	1	53.6428	6	0	0	0.22	10	7.2543636364
0.14	60.47	1	1.3712	308.41912	0	0	25	23	6	5	23	2	96.7744	0	1	1	14	8.6	1.2487
9	39.33	1	4.4496	382.9064	0	0	31	28	3	3	13	1	116.2297	17	1	0	24.7452857143	22	6.2830909091
2.4	73.8	1	3.1915	458.96106	0	0	36	33	7	7	22	3	140.2567	11	1	0	100	8.6	8.9848181818
10	182.48	7	0.6357	751.00036	0	0	56	54	14	12	55	1	202.9984	0	2	0	57	25	20.7701757576
2.5	176.28	3	-0.2541	460.48358	0	0	35	32	11	12	24	5	122.5356	6	0	1	1.7	13	0.2675454545
1.5	243.86	2	-0.859	433.4169	0	0	29	28	11	14	18	6	95.968	5	0	2	2.1	10	0.1869090909
18	95.92	2	1.2027	368.4479	0	0	28	28	9	7	20	2	99.8842	6	1	0	1.4	11	1.5131818182
3.1	112.85	3	3.7513	531.66422	0	0	42	39	10	9	33	3	151.1239	6	1	0	5.9	13	4.5548787879
36	106.97	1	4.0868	521.04218	0	0	39	36	7	7	33	6	135.7898	0	0	0	14.2923571429	8.6	3.5216363636
8.3	59.56	2	4.3331	382.4512032	0	1	32	29	4	4	15	1	112.0002	16	1	0	7.5	20	3.8753636364
2.8	94.83	3	1.8957	392.4610632	0	1	31	28	5	5	27	4	101.9564	0	0	0	7.9	10	1.1243181818
9.2	69.23	1	-0.0527	192.1913	0	0	14	14	3	4	6	2	48.8817	6	0	1	0.51	8.8	0.2634909091
3.4	55.3	2	1.3672	308.4357	0	0	25	24	5	3	19	0	90.1622	6	1	0	24	10	4.3875454546
5.5	64.53	2	1.558	346.44062	0	0	28	27	6	4	16	0	99.8202	12	1	0	2	11	4.1848181818
2.5	127.67	1	-1.9571	350.39282	0	0	27	24	6	8	19	3	88.7343	5	1	1	1.3	10	0.3856363636
10	119.36	2	-0.7438	326.29862	0	0	26	23	8	8	23	3	71.1996	0	0	0	4	8.8	1.8575454546
12	24.67	2	4.1145	312.469	0	0	27	24	2	1	20	1	100.7085	6	1	0	17	22	9.9792727273
17	35.18	2	2.6829	324.8456	0	0	26	24	4	2	19	1	97.3139	6	2	0	8.8	16	71.8514545455
3.7	64.53	2	1.3397	326.45098	0	0	25	25	6	4	19	0	93.3612	6	1	0	11	10	2.5618181818
9.6	129.71	1	5.24898	489.61242	1	0	39	35	7	7	14	2	139.1877	22	0	0	1.4	20	1.5944545455
19	124.44	4	1.5623	384.2372	0	0	29	28	9	8	15	2	105.3005	12	0	0	8.8	16	8.6838181818
2.1	154.03	2	5.3577	551.61406	0	0	42	39	11	11	16	2	144.9105	24	0	0	2.3	20	1.0831818182
0.51	54.35	1	2.2072	316.1527	0	0	21	19	4	4	7	2	83.5347	12	0	0	28	6.6	0.9321909091
1.3	83.22	1	2.1359	333.15674	0	0	21	20	3	4	7	2	78.0234	12	0	1	1.5	10	0.2508454545
13	68.79	3	1.6665	345.25532	0	0	21	21	5	4	14	1	86.2233	6	1	0	8.2785714286	10	2.8304545455
2	71.31	0	3.8397	393.6887	0	0	25	22	3	5	8	1	96.228	16	0	0	6	13	0.915
20	93.06	2	2.7168	430.53386	0	0	35	31	6	6	31	4	115.1826	0	0	0	3.2	8	3.9483030303
5.6	49.2	1	2.9232	308.39264	0	0	24	23	5	4	17	1	90.6142	6	1	0	3.9	10	2.1600909091
8.9	49.98	2	2.3905	262.36726	0	0	22	21	3	2	12	0	80.2472	10	1	0	5.7679285714	14	2.7299090909
2.5	129.93	2	3.5559	363.40816	0	0	26	25	6	7	11	3	92.6961	12	0	1	1.1	10	0.3906
4.8	93.81	1	2.6521	373.44938	0	0	29	27	8	8	17	1	112.6144	11	0	0	10.1694642857	10	1.1707272727
4.3	33.54	2	4.1216	289.43566	0	0	23	22	3	2	16	1	94.8024	6	1	0	5.6676428571	10	1.6896363636
19	63.36	3	4.5659	468.64808	0	0	41	35	5	4	35	0	137.8045	6	1	0	4.9	8	6.3752727273
41	44.9	3	3.5177	328.4684	0	0	29	25	3	2	23	0	101.2885	6	1	0	5.3	16	10.1201515152
1.4	61.82	0	-1.0293	194.1906	0	0	15	14	3	6	3	2	52.039	10	0	0	9.0930714286	10	0.6890909091
12	99.24	1	-0.7689	216.27736	0	0	14	14	4	5	12	2	58.0325	0	0	1	1	10	0.4254545455
1.9	154.97	1	-1.8541	376.38374	0	0	28	26	7	9	18	4	92.5507	6	0	2	1.5	10	0.1802727273
78	61.77	1	1.5479	214.04986	0	0	11	12	5	5	9	2	46.7657	0	0	0	0.26	6.5	1.1353818182
1.5	296.18	3	-1.8619	464.38788	0	0	31	30	14	17	19	7	95.5044	5	0	2	2	13	0.2081181818
7.8	80.32	3	2.7118	407.48218	0	0	36	33	7	4	15	0	119.2509	21	1	0	2.8	22	4.54
0.14	418.23	16	-2.7727	1095.329	0	0	85	82	28	23	72	7	306.959	6	2	0	30.2438571429	25	2.3486363636
2.5	162.71	3	-1.5722	363.38828	0	0	30	28	10	8	20	4	93.3903	6	1	1	1.5	13	0.2446363636
3.6	203.97	2	-1.2315	461.49478	0	0	34	31	11	13	19	4	112.443	11	0	1	0.75	13	0.1691818182
3.3	229.58	4	-1.6817	462.50272	0	0	38	35	14	11	23	4	114.573	11	1	1	1.1	22	1.306030303
0.89	237.76	1	-1.642	453.49922	0	0	32	29	12	15	18	4	104.7482	10	0	1	2.2	16	0.1669363636
2.6	214.39	2	0.4049	477.55708	0	0	34	31	10	12	19	4	118.239	11	0	1	0.83	13	0.1942727273
2.2	203.58	2	-0.4111	480.56106	0	0	35	32	10	12	25	5	126.8446	5	1	1	2.1	11	0.7863636364
1.9	203.58	2	-0.5904	396.42146	0	0	28	26	10	12	18	5	97.0556	5	0	1	2.5	13	0.2221818182
1	243.71	2	-2.3042	451.43372	0	0	32	30	11	14	20	7	106.0251	5	0	2	3.9	13	0.2134545455
1.5	242.06	1	-1.73422	470.52644	1	0	32	30	13	15	22	4	109.6782	5	0	1	1.5	10	0.1808636364
0.61	310.14	2	-0.7607	582.65292	0	0	40	37	13	17	24	6	138.5381	10	0	2	1.5	11	0.1045727273
1.3	273.69	3	-1.8512	644.65944	0	0	48	44	17	19	30	7	162.2519	11	0	1	2.2	13	0.6640454545
0.66	251.51	2	-3.7676	518.5461	0	0	41	38	14	14	25	5	124.8488	11	1	2	4.3	13	0.4967727273
2.7	229.88	2	-1.0472	477.44731	0	0	32	31	12	14	21	6	107.9546	5	1	1	1.2	13	0.2479090909
0.42	326.79	2	-3.0378	573.6031	0	0	39	36	16	19	27	7	127.2831	5	0	2	5.2	8.8	0.1373181818
3.6	204.63	2	-0.207	426.44414	0	0	30	28	10	12	20	5	100.3976	5	0	1	0.79	13	0.1826363636
1.9	207.46	2	-0.1339	514.57728	0	0	39	35	10	12	23	5	132.7926	11	1	1	2.1	13	0.309
2.9	171.94	4	-1.0803	407.44084	0	0	32	31	11	9	21	5	105.5781	6	1	1	2.654	16	0.2304545455
2.4	247.59	2	-1.7239	545.56814	0	0	40	37	11	14	23	6	134.4561	11	1	2	2.2	13	0.5790181818
2.1	203.58	2	-0.9805	382.39488	0	0	27	25	10	12	17	5	92.2486	5	0	1	1.6	13	0.2115454545
1.5	264.39	4	-1.386	534.56868	0	0	42	38	15	15	30	7	138.1325	5	1	1	2.7347142857	13	1.0825272727
0.26	299.72	2	-1.1855	552.56404	0	0	39	36	14	18	22	6	129.5421	11	0	2	5.4	13	0.1115454545
2.2	201.89	2	-0.8416	423.3773	0	0	31	29	11	13	20	6	98.4336	5	0	1	1.229	13	0.1699090909
3.9	142.48	2	-1.2778	347.38888	0	0	29	27	9	7	19	4	91.3673	6	1	1	0.89	10	0.2469090909
3.3	146.96	1	0.011	415.48598	0	0	31	28	6	8	16	4	108.3912	11	1	1	2.3	13	0.4707272727
1.8	169.38	1	-0.4136	395.4301	0	0	28	26	8	10	18	5	96.1782	5	0	1	0.65	13	0.124
2.7	179.33	1	-0.5305	422.45544	0	0	30	28	10	11	19	5	102.8512	6	0	1	0.8	11	0.1477272727
3.3	142.48	2	-1.3741	349.40476	0	0	29	27	9	7	23	6	92.6603	0	1	1	1.1	10	0.2105454545
2.9	102.71	2	3.546	458.5423232	0	1	34	33	5	6	20	2	125.9281	12	0	1	9.6971071429	13	0.8954272727
1.2	497.41	17	4.0129	1432.04592	0	0	109	104	32	30	67	13	380.9451	29	1	0	5.4	26	3.3349272727
2.8	43.37	0	2.0432	303.20422	0	0	19	19	2	3	12	1	79.0715	6	0	1	1.5	8.6	1.0336363636
2.4	115.38	3	1.8231	323.12938	0	0	20	20	5	4	12	2	74.3753	6	1	1	6.5	10	0.9115454545
0.37	54.75	2	2.9502	300.7628	0	0	24	22	2	2	10	2	95.0824	12	2	1	11	14	29.2901818182
4.1	30.61	3	2.8856	321.88802	0	0	25	24	3	1	14	0	99.5631	11	2	0	394.107071429	570	130.892636364
2.5	17.33	1	2.4015	275.7964	0	0	21	20	2	1	9	0	82.0817	12	1	0	22	22	4.6399090909
16	32.98	1	3.5423	319.8721	0	0	24	22	3	1	12	0	96.3367	12	1	0	10	16	9.3169090909
0.045	83.65	2	3.6005	276.73982	0	0	17	17	5	5	8	3	65.1594	6	0	0	70	10	0.2593181818
2	191.31	4	-0.0946	476.86374	0	0	37	34	7	9	26	5	110.7107	6	1	3	7.4	13	1.0153636364
1.5	117.87	3	3.0341	338.76614	0	0	24	22	6	6	9	3	82.9344	12	0	0	43	10	3.308
8.6	26	2	2.9729	263.35686	0	0	24	21	2	1	11	1	90.2754	12	1	0	7.8	16	4.7157272727
3.8	89.82	2	0.8902	373.46266	2	0	28	27	4	5	24	2	102.7281	0	0	1	0.35	8.8	0.5182727273
2.5	163.37	2	-0.2042	277.171141	0	0	18	18	6	9	10	2	58.7537	6	0	2	3.3	8.8	0.7782363636
2.3	162.3	2	-1.5627	357.4451	0	0	27	27	8	7	23	4	90.3948	0	1	2	1.1	10	0.1898181818
0.5	82.38	0	2.71808	342.40886	1	0	27	25	4	5	19	1	92.5025	6	0	1	8.5	10	1.1017363636
8.1	114.19	3	1.37918	252.33924	1	0	18	18	7	6	11	1	69.1831	5	0	0	2.5	10	1.1925318182
8.3	81.98	1	0.8566	331.3415232	0	1	29	26	5	5	16	2	94.2664	11	1	1	4.2	13	1.872030303
5.4	126.44	0	7.9831	929.14498	0	0	72	67	12	12	46	2	267.341	24	2	0	0.36	26	1.588369697
4.3	37.46	1	2.39588	325.3998832	1	1	27	25	3	2	14	0	92.5767	12	1	0	47	18	10.4553636364
14	119.31	3	0.2838	285.68698	0	0	21	19	7	8	11	0	66.522	10	0	0	9.2	13	2.2128181818
7.3	184.11	5	1.0226	748.9613	0	0	55	53	14	13	53	2	195.3479	0	1	0	3.4	13	1.8388181818
3.1	89.9	1	-2.4924	198.15282	0	0	15	14	5	6	12	3	44.9553	0	0	1	4.8204285714	8.8	0.4183636364
142	90.93	1	4.574	456.31642	0	0	31	30	7	7	20	5	116.2357	6	0	0	12.3850357143	13	1.2396818182
4.7	93.01	1	0.378	365.7865832	0	1	31	28	6	5	18	2	95.5621	11	1	1	6.7	13	1.7877272727
4.5	128.76	5	0.9325	425.99096	0	0	29	28	8	7	28	1	112.1448	0	1	0	2.9	13	3.3330227273
8.2	7.68	1	3.1763	315.86026	0	0	25	23	2	0	13	0	100.0317	12	1	0	26	46	14.4327272727
0.88	87.28	1	3.1345	315.7112	0	0	24	22	4	3	9	3	91.8717	12	1	1	55	10	2.345
4	38.03	3	2.4161	231.1018	0	0	16	15	3	2	9	1	67.9581	6	1	0	14	11	2.9075454546
2.5	33.68	3	3.6005	328.83914	0	0	28	25	4	1	15	1	111.9791	12	2	0	11	22	68.7710909091
13	57.04	1	2.4099	318.38746	0	0	26	24	5	4	18	2	90.6222	6	1	0	2	8.6	1.8737272727
32	57.04	1	2.016	304.36088	0	0	25	23	5	4	17	2	86.0347	6	1	0	1	6.5	2.0114545455
15	43.13	2	1.6532	300.37218	0	0	27	23	4	3	20	1	87.7025	6	1	0	6.2178571429	10	3.5608181818
2.1	83.09	1	3.2625	399.437	0	0	31	29	7	7	16	2	109.3567	13	0	0	49	11	4.151
3	78.09	2	6.6453	498.57444	0	0	44	39	6	5	13	2	153.5424	29	0	0	4.2	13	2.1830909091
0.89	33.2	0	1.3128	176.21508	0	0	14	13	3	3	7	1	53.328	6	0	0	21	10	1.0938181818
1.1	51.38	1	2.2128	261.085961	0	0	14	14	4	4	13	1	62.6022	0	0	0	10.2	8.6	0.779669697
7.5	278.8	5	4.1495	1202.61124	0	0	85	85	23	23	73	12	375.4656	0	0	0	19.37	18	2.9360727273
2.6	99.73	2	0.7692	182.1832	0	0	14	14	7	6	7	2	44.7656	5	0	0	7.8	10	1.0740909091
0.01	581.12	21	3.1446	1817.69974	0	0	143	131	38	36	92	9	476.9638	42	2	1	230	46	1.0508181818
16	184.8	2	3.6168	690.8472	0	0	50	48	12	13	36	9	188.844	5	0	0	0.41	13	1.5949090909
0.43	120.73	1	2.5304	314.253	0	0	25	23	6	6	10	4	88.2407	11	1	1	16.41875	10	0.5033636364
0.48	94.56	2	3.927	248.30088	0	0	18	17	4	4	4	2	67.1888	12	0	0	29	10	1.5251818182
0.16	714.96	18	-5.8731	1617.64682	0	0	122	119	41	41	86	20	427.357	16	1	4	9.2	25	9.1670242424
12	56.76	2	4.8099	427.55794	0	0	37	33	4	3	18	1	131.8251	18	1	0	52.3378571429	22	2.9258181818
130	123.49	3	-1.5576	228.20528	0	0	17	16	7	8	10	1	52.481	6	0	0	5.5592857143	10	3.1539090909
0.17	41.46	1	3.3565	305.1587	0	0	22	20	3	3	8	2	88.0597	12	0	0	220	10	1.709
1.1	191.31	4	-0.2687	462.83716	0	0	36	33	7	9	25	5	106.0207	6	1	3	10.45	13	1.1874545455
5.7	39.97	1	3.0707	384.53166	0	0	30	29	4	3	17	1	115.1787	12	1	0	21	22	6.2045454546
11	19.85	1	2.5716	267.38862	0	0	24	22	3	0	12	0	90.1204	12	1	0	23	20	12.525
0.12	41.46	1	2.7031	270.71364	0	0	21	19	3	3	7	2	83.0497	12	0	0	63	10	0.9680909091
1.4	487.75	14	-0.3959	1070.2249	0	0	79	76	29	27	55	12	293.5916	12	1	0	3.6	25	0.5078181818
3.3	94.83	3	1.8957	392.4610632	0	1	31	28	5	5	27	4	101.9564	0	0	0	7.9	10	1.1243181818
11	16.61	1	2.2197	232.2652896	0	3	18	18	2	0	12	0	59.6974	6	1	0	18	16	9.6754545455
3.7	98.77	1	3.0681	460.37136	0	0	30	30	6	7	21	3	115.9597	6	0	1	2.395	10	0.4178727273
11	28.68	1	3.1783	200.27954	0	0	17	16	2	1	6	0	62.7797	11	0	0	2.5	16	2.8200909091
9.3	114.89	2	7.0221	610.7193	0	0	50	46	7	5	27	5	182.6904	18	2	1	9.2683571429	22	7.4827272727
3.1	100.02	3	-1.9607	269.27708	0	0	21	20	8	7	17	4	79.5811	0	1	0	3	10	0.6986363636
0.025	227.36	3	11.1554	1164.37914	0	0	91	85	16	16	59	14	321.9923	18	0	0	52.9687857143	26	2.3990909091
1.7	98.33	2	1.9267	612.90563	0	0	20	20	5	6	11	3	98.2354	6	0	1	27.8152142857	8	0.2584545455
0.38	32.67	0	2.6544	284.74022	0	0	22	20	3	3	8	2	87.951	12	0	0	114.091214286	10	1.7479090909
0.06	66.91	1	2.527	230.67138	0	0	15	14	4	4	6	3	61.6837	6	0	0	58	6.6	0.8513863636
0.8	256.04	9	-8.8506	456.55478	0	0	48	46	23	8	48	0	111.1107	0	5	0	2.7	25	0.1558363636
3.5	52.16	1	3.1024	295.1407	0	0	20	19	2	2	7	1	75.6082	12	0	1	1	10	0.7620727273
2	140.87	1	2.1962	469.31844	0	0	33	30	7	9	19	3	113.8117	11	0	1	0.92	10	0.2105454545
11	93.03	2	-0.2105	236.22728	0	0	20	18	6	6	9	1	58.7715	10	0	0	1.2	10	0.8561818182
0.1	60.36	1	1.7009	249.1896864	0	2	19	18	2	3	6	1	58.834	12	0	1	14	6.5	0.6284909091
0.043	182.83	5	3.2473	764.93906	0	0	61	54	13	13	59	2	194.937	0	0	0	170	13	1.4847272727
1.7	203.06	6	2.2181	780.93846	0	0	62	55	14	14	60	2	196.0988	0	0	0	40	13	2.7984545455
29	100.16	4	1.8095	329.4134	0	0	27	26	6	4	14	1	95.2691	12	1	0	3.15	13	5.0286363636
13	85.58	1	2.0164	415.52578	0	0	32	30	7	6	18	2	118.6507	12	1	0	9.6053571429	10	2.8708181818
9.8	13.67	1	1.9371	256.36268	0	0	21	20	2	1	9	0	80.3617	12	1	0	11	22	5.8304545455
11	63.14	2	2.9938	370.50508	0	0	30	29	5	3	17	1	111.3307	12	1	0	1.9	8.6	1.6161818182
4.8	102.28	2	-2.2131	254.24256	0	0	19	18	5	8	7	2	63.9766	10	0	0	1.5	10	1.2967272727
0.9	60.42	2	2.6451	340.4824	0	0	27	26	4	3	14	1	103.8971	12	1	0	9.6	10	1.1845454546
14	224.45	5	3.6505	807.87922	0	0	63	58	15	15	45	6	205.2534	12	0	0	30.9067857143	13	3.3127090909
5.2	122.77	3	2.8734	442.57272	0	0	31	30	8	7	15	4	117.3421	12	1	0	13.1313571429	13	2.3334545455
180	63.6	2	2.6711	325.38164	0	0	30	26	5	3	18	2	94.4729	10	1	0	0.19	8.6	2.2654004329
9.5	80.02	3	3.5053	426.9192	0	0	37	33	5	4	15	2	125.0391	20	1	0	6	14	3.9780909091
2.7	163.36	0	7.6274	1035.22232	0	0	79	74	16	16	53	2	288.502	24	2	0	1.4	26	1.4306060606
5.3	33.98	1	3.2633	379.51514	0	0	32	29	4	3	19	1	120.2967	12	1	0	3.7	22	3.9488181818
1.6	112.27	1	2.3019	451.4751	0	0	37	33	10	10	19	1	128.5844	17	0	0	14	13	1.7212727273
14	13.67	1	2.5453	280.38408	0	0	24	22	2	1	11	1	88.9387	12	1	0	15	16	8.0423636364
11	104.55	3	-1.6852	246.1924432	0	1	19	18	6	6	11	2	53.0653	6	0	0	0.46	10	0.848
15	213.35	4	0.1609	542.51132	0	0	46	42	12	11	31	3	130.1385	12	1	2	38	13	30.6966666667
0.46	191.31	4	-0.8812	442.41868	0	0	36	33	7	9	25	5	105.8177	6	1	3	12.4828571429	16	0.8769090909
3.5	53.53	1	5.4682	398.51518	0	0	33	31	6	4	20	1	122.3464	12	1	0	9	20	6.8352727273
9.6	20.23	1	-1.017	246.14414	0	0	12	13	1	1	6	0	61.585	6	1	1	1.9	16	3.717
5.3	62.75	2	5.0539	383.52698	0	0	32	29	4	2	14	2	115.3474	16	1	0	37.4950714286	22	2.0524545455
22	37.3	1	4.5952	318.49346	0	0	26	23	2	2	25	1	95.4468	0	0	0	1.5	10	2.5511818182
1.6	126.41	2	-2.6959	365.4009	0	0	28	28	7	7	19	3	95.9482	6	1	2	4	8.8	0.411
13	42.77	2	4.5895	353.47786	0	0	29	27	4	3	16	1	111.4229	12	1	0	14.2321428571	11	3.0368181818
13	87.37	2	1.0208	269.3018	0	0	23	21	6	5	9	2	77.0666	12	0	0	2.7	8	1.7771454546
8.2	130.53	3	1.1648	321.37478	0	0	24	23	6	6	9	4	83.792	11	1	0	2.3	11	1.132
5.4	94.87	1	-0.0634	320.3188832	0	1	27	25	6	6	14	2	89.3684	11	1	1	6.2	13	1.8063333333
4	83.54	2	-0.1771	194.1906	0	0	17	16	5	4	5	2	51.8504	10	0	0	2.6	10	0.6519090909
12	133.21	1	2.74278	304.27806	1	0	22	22	5	5	12	3	79.1975	6	1	2	0.38	10	0.5762727273
20	213.35	4	0.1609	542.51132	0	0	46	42	12	11	31	3	130.1385	12	1	2	38	13	30.6966666667
0.33	69.23	1	4.1572	398.55824	0	0	32	29	3	4	28	4	115.2342	0	0	1	27	13	1.8578909091
1.9	127.57	1	1.4941	423.50472	0	0	33	31	3	6	14	3	115.1732	16	1	2	9.2573214286	22	1.2546909091
1.2	379.06	10	-1.6257	831.96186	0	0	63	60	22	20	44	9	233.3006	10	1	1	26.134	25	0.5909363636
15	119.41	4	2.4096	582.66944	0	0	52	45	10	8	32	4	171.3049	16	1	0	11.2092857143	13	4.422
0.013	324.57	3	16.1458	1309.624402	0	0	90	89	17	21	84	6	347.6492	0	0	4	62	25	1.8575515152
0.45	191.81	3	-1.1748	474.50686	0	0	38	35	10	10	27	5	124.7194	6	1	2	4.4	13	1.0033
5.6	195.11	6	0.3685	734.93472	0	0	54	52	14	13	52	2	190.6177	0	1	0	2.8	13	1.4767272727
290	72.37	2	0.5037	296.38194	0	0	23	23	6	4	16	1	82.8622	6	1	0	0.07	8.8	1.5562727273
30	40.46	2	3.6092	272.38196	0	0	23	20	2	2	17	0	81.0268	6	0	0	0.7	10	2.2195454546
0.94	111.77	0	6.1754	518.367161	0	0	36	33	5	7	28	2	125.6465	6	0	2	10.6521071429	13	5.0979454546
8.7	66.43	0	2.271	302.13004	0	0	19	19	3	4	10	3	71.732	6	0	1	15.9592142857	6.5	0.2467454545
10	69.1	4	-0.9279	205.3177	0	0	15	16	5	3	15	0	59.3687	0	1	0	2.7	16	1.5097272727
7	40.46	2	3.6126	296.40336	1	0	25	22	2	2	18	0	88.8408	6	0	0	11	10	5.5581818182
1.3	95.04	1	4.1779	375.45862	1	0	29	26	4	5	20	2	97.4484	6	0	1	8.7878571429	13	1.3383636364
4.7	95.04	1	3.8268	375.45862	1	0	29	26	4	5	20	2	97.1872	6	0	1	8.2	13	1.7046363636
14	57.07	3	0.0089	182.23954	0	0	15	15	4	2	9	0	53.0732	6	1	0	2.5	16	1.8719090909
13	44.12	0	2.6691	244.28904	0	0	19	18	3	4	7	1	68.8695	11	0	0	2.9	10	2.0713181818
0.5	160.83	3	1.3386	588.55658	0	0	48	42	13	13	35	1	139.1076	12	0	0	6	11	1.1946363636
0.79	68.3	0	5.2567	358.8419	0	0	26	24	4	4	6	2	95.974	18	0	0	32	16	1.1796
0.96	109.06	2	1.7563	436.4555232	0	1	40	35	8	6	21	2	116.8289	17	1	0	7.6	13	1.0520909091
6.6	232.75	6	2.9869	337.4454	0	0	20	20	10	11	11	4	82.7596	5	0	0	3	13	1.7917272727
11	64.63	1	4.2931	384.25376	0	0	26	25	5	5	16	4	100.5297	6	0	0	6.7	10	3.4147272727
29	97.53	5	1.0314	304.36088	0	0	25	24	6	4	13	0	86.4132	12	1	0	0.69	13	1.8009090909
2.6	42.77	2	2.2844	261.33944	0	0	22	20	4	3	15	1	81.8384	6	1	0	19	10	2.6752727273
4.7	24.75	1	4.2888	337.47846	0	0	28	26	3	2	15	1	109.4517	12	1	0	18.5171428571	22	7.2840909091
2.4	58.2	2	4.5342	372.54414	0	0	30	27	4	4	27	3	113.1814	0	0	0	7.6	6.6	1.2002727273
6.1	98.17	3	3.8949	401.8402	0	0	32	29	4	5	14	1	110.908	17	1	1	4	20	4.0782727273
4.9	64.17	2	4.3746	415.3506592	0	6	31	30	6	4	24	1	92.0186	6	1	0	21	10	5.6990909091
2.4	69.81	1	0.5816	369.3383296	0	3	29	27	4	5	16	2	96.4837	11	1	1	11	16	1.6962121212
2.4	140.87	1	1.6819	452.8638432	0	1	33	30	7	9	19	3	108.7597	11	0	1	1.3	13	0.4778181818
0.31	81.65	1	0.7358	306.2707864	0	2	24	22	5	7	8	0	70.7088	16	0	0	40	13	2.1872272727
2	71.77	2	0.0724	129.0924632	0	1	10	10	4	3	3	1	29.2201	6	0	0	5.7	10	0.6517727273
3.2	139.54	4	-1.2597	285.2317832	0	1	22	20	8	9	12	0	62.6318	10	0	0	12	13	3.2329090909
16	64.43	0	1.7116	303.2883632	0	1	24	22	5	6	11	2	79.466	11	0	0	1	6.5	0.888030303
1.4	78.49	0	2.5715	313.2831832	0	1	25	23	4	3	10	3	91.721	12	1	1	38.8887857143	8.6	2.0293333333
1.3	90.57	1	2.6339	331.29834	0	0	28	25	3	5	5	2	91.582	21	0	1	1.8	13	0.3190909091
26	65.72	2	-0.7977	130.0772232	0	1	11	11	4	2	3	2	27.6414	6	0	0	5.4236428571	8.8	0.5288181818
1.6	89.27	3	3.7106	304.3194832	0	1	23	22	6	6	10	1	82.9858	12	0	0	11	10	1.564
17	105.97	1	4.43	500.5708496	0	3	37	34	6	6	32	5	123.0318	0	0	0	7.1030714286	13	4.5338484849
16	85.52	2	3.2934	410.4580032	0	1	32	30	3	5	14	2	114.4871	16	0	1	0.44	20	0.4935727273
5.8	225.76	5	-1.1042	511.50144	0	0	36	35	12	14	20	4	121.834	12	0	2	8.2615	17	2.1407272727
2.1	113.13	0	-0.6162	122.981461	0	0	6	7	2	5	4	2	15.062	0	0	3	4	10	0.5350909091
1.3	143.65	0	1.7292	384.2348074	0	2	28	26	6	10	11	1	78.5545	16	0	2	2	13	0.7989454545
2	85.53	0	0.7853	136.043161	0	0	8	8	2	4	7	1	23.4285	0	0	2	2.7	10	0.3256454545
0.32	110.38	0	3.2031	433.477641	0	0	32	30	4	6	23	3	119.2255	6	0	2	6.8	10	0.6595
1.2	169.22	3	1.9315	428.370161	0	0	29	29	7	9	22	7	102.7789	0	0	2	1.2	10	0.8083272727
2.5	75.49	3	1.0176	244.31222	0	0	23	21	5	2	12	1	72.692	10	1	0	22	15	2.8813636364
1.6	133.84	2	2.4101	329.7362	0	0	22	21	5	7	8	3	73.5221	11	0	1	1.3	10	0.1813272727
1.7	67.77	1	-0.6812	171.23678	0	0	15	15	4	2	14	1	46.7976	0	1	1	7	10	0.7552424242
5.6	43.13	2	2.0024	288.36148	0	0	25	22	4	3	18	1	85.0095	6	1	0	6.8	8.6	2.6846363636
4.6	139.28	4	-1.3897	255.23062	0	0	20	19	8	8	9	1	61.6447	10	0	0	3.7	13	1.4028181818
2.8	91.21	1	1.2537	375.3940832	0	1	32	29	6	6	19	2	105.5654	11	1	1	11	13	1.8504545455
12	69.94	2	4.5007	447.9103032	0	1	35	32	7	5	18	0	122.6204	17	1	0	32	25	17.9760909091
32	110.6	3	-0.7074	263.1981464	0	2	19	18	6	7	12	1	54.826	6	0	0	0.81	10	1.3953636364
1	213.75	8	-7.5303	482.63512	0	0	48	46	20	7	48	0	124.5965	0	5	0	5.5	22	0.7415181818
0.8	37.3	1	3.6586	310.42994	1	0	26	23	2	2	22	3	92.9588	0	0	0	22.7157857143	10	1.0538181818
0.5	133.06	3	5.2654	490.61556	0	0	36	34	9	9	24	6	133.3061	6	0	0	6.3	13	0.8509090909
0.56	138.53	3	4.3316	445.53518	0	0	33	31	9	9	17	4	115.3026	12	0	0	4.8	13	2.4655454546
0.82	121.98	3	5.8952	494.00352	0	0	35	33	8	8	19	4	126.2486	12	0	0	1.6	20	1.4123636364
9.1	51.36	2	2.8614	313.4173	0	0	27	24	4	4	16	1	95.9929	10	1	0	6.7	10	3.396
4.5	80.71	3	0.8171	247.1012	0	0	17	17	5	3	9	2	61.0105	6	1	0	22	11	1.8331818182
7.8	41.74	2	4.5777	376.8721632	0	1	29	27	3	2	16	1	106.445	12	1	0	36	22	12.8755454545
3.4	66.48	1	1.468	236.26704	0	0	18	17	5	5	14	4	69.3527	0	0	0	5.4	6.5	1.4323333333
85	63.83	2	1.6887	160.17592	0	0	13	12	4	4	2	0	46.7441	11	0	0	0.29	10	2.606
5.7	94.83	3	1.7816	362.4599	0	0	29	26	5	5	26	3	97.5344	0	0	0	1.9	10	0.5891818182
28	50.97	2	1.7824	286.3456	0	0	26	22	4	3	19	1	82.7457	6	1	0	2.6	8.6	3.73
11	50.84	4	1.858	337.88742	0	0	26	25	4	2	15	0	100.7249	11	2	0	1300	850	495.168121212
1.5	75.35	3	0.1351	76.05466	0	0	4	5	4	4	3	1	13.7486	0	0	0	6.3077142857	10	1.2221818182
0.13	166.84	2	7.1446	500.41148	0	0	45	38	4	8	12	2	135.345	31	0	4	32	22	2.1025454546
1.8	170.67	2	0.8357	316.205122	0	0	19	20	4	7	17	2	66.5755	0	1	4	26.6512857143	10	1.0631818182
0.82	40.13	0	1.7385	205.27288	0	0	15	15	1	2	8	1	60.2385	6	0	1	3	10	0.6583636364
26	79.22	3	3.9007	385.58438	0	0	27	27	5	4	19	2	112.6772	6	1	0	7.7	10	9.4302727273
24	183.89	3	1.1799	496.48594	0	0	43	39	10	9	28	3	122.4847	12	1	2	26	13	23.8795454545
10	44.46	2	0.8067	205.23312	0	0	18	16	4	3	11	1	64.3094	6	1	0	5.5	10	3.0213636364
6.4	104.49	1	3.1717	439.52404	0	0	35	32	5	7	22	2	118.2887	11	0	1	11	13	3.0940909091
1.1	51.38	1	2.2128	261.085961	0	0	14	14	4	4	13	1	62.6022	0	0	0	10.2	8.6	0.779669697
16	80.59	2	2.2066	359.47914	1	0	27	26	3	4	23	3	103.0071	0	0	1	12.9189642857	8.6	0.6621181818
3.3	87.48	3	4.8263	494.61068	0	0	42	38	8	6	17	1	155.4586	24	1	0	20	20	4.0553636364
3	143.59	3	-3.0016	299.34608	0	0	23	22	8	7	19	4	77.7504	0	1	1	1.3	10	0.3484545455
13	7.68	1	2.5229	281.4152	0	0	24	22	2	0	12	0	95.0217	12	1	0	8.8	20	11.1604545455
18	119.23	5	3.7387	614.79742	0	0	50	46	9	8	30	2	183.5837	18	1	0	0.76	22	1.8833636364
6.8	137.41	0	10.5557	774.96285	0	0	58	54	5	7	27	9	223.9848	22	2	2	40.1778571429	26	6.9673212121
1.3	71.36	0	2.5926	356.7797	0	0	27	25	3	5	9	2	94.179	16	0	1	1.2	10	0.1521090909
20	49.33	3	4.1478	348.46134	0	0	31	28	4	2	14	1	110.2836	16	1	0	4.1	13	4.4041818182
18	65.38	4	2.9028	349.4494	0	0	31	28	5	3	11	0	110.7821	20	1	0	11	17	8.5494545455
2	199.89	8	-0.8457	821.13785	0	0	34	34	12	12	25	3	145.6122	6	0	0	9.5279285714	22	0.4173636364
1.9	188.45	8	-0.1595	777.08529	0	0	31	31	11	11	22	3	134.7421	6	0	0	2.5	13	0.38
1.4	168.66	6	0.0574	791.11187	0	0	32	32	11	11	23	3	139.5666	6	0	0	2.6	18	0.4097272727
2.4	98.33	2	1.6458	612.90563	0	0	20	20	5	6	11	3	96.9189	6	0	1	30.5896785714	10	0.2554909091
2.3	85.84	1	3.9942	428.52942	0	0	37	33	6	5	18	2	132.6567	17	1	1	6.8	13	2.6671818182
7	115.4	2	4.1811	587.68596	0	0	50	44	9	9	30	3	170.5955	17	1	0	8.3	13	3.2373333333
140	57.53	2	1.6656	246.30162	0	0	20	18	3	3	16	4	68.7566	0	0	0	16.6406428571	10	2.5212045455
1.3	307.16	12	-10.3101	573.63488	0	0	52	50	24	13	51	1	132.993	0	4	0	4.1	22	0.2788181818
56	77.3	4	0.103	212.26552	0	0	17	17	5	3	11	0	59.9032	6	1	0	7.5592857143	10	1.5176363636
31	128.56	0	-0.0158	236.13632	0	0	17	16	6	2	15	2	47.278	0	2	2	15.4253571429	16	28.4422727273
0.07	121.12	2	2.5741	335.33512	0	0	25	23	7	8	10	4	84.7565	11	0	0	44	8.6	0.2938181818
26	103.55	1	2.911	371.38714	0	0	29	27	7	8	15	4	100.6787	10	0	0	1	13	1.6290454546
5.1	104.7	0	5.7073	705.63342	0	0	55	49	9	12	26	1	194.534	28	0	0	24	22	5.5395454546
10	140.29	3	4.3793	506.69778	0	0	37	35	7	8	29	3	144.1933	5	0	0	5.3150714286	13	7.3293636364
1.4	289.09	11	-10.1586	488.5304	0	0	47	45	23	11	47	0	110.631	0	4	0	3.1	22	0.2451818182
19	33.68	1	1.8716	238.73318	0	0	19	18	3	1	12	1	67.2884	6	1	0	2.5	16	3.871
6.7	76.37	2	2.5759	396.4347232	0	1	34	31	5	4	14	3	114.2659	17	1	0	9.7	12	3.3267272727
9.2	41.74	2	2.4868	248.34068	0	0	20	19	3	2	13	1	77.6297	6	1	0	4.4856428571	10	2.3394545455
1.6	57.2	0	1.771	253.27262	0	0	20	19	2	3	6	2	70.726	12	0	1	1.4	6.5	0.3017363636
0.35	62.13	0	0.9563	254.26068	0	0	21	19	2	4	8	2	67.864	11	0	1	5.2	6.6	0.2267272727
2.7	202.81	7	2.1158	588.69566	0	0	45	43	13	12	31	4	157.4223	10	0	0	1.1	13	1.0367272727
18	154.17	5	-0.5393	398.43566	0	0	37	34	10	7	17	1	112.5015	19	2	1	11	45	14.5700909091
23	100.16	4	1.8095	329.4134	0	0	27	26	6	4	14	1	95.2691	12	1	0	3.15	13	5.0286363636
1.9	170.61	4	-1.0157	468.50232	0	0	38	36	10	9	22	4	126.9555	12	1	1	2.5	13	6.7180909091
4.8	115.67	2	-0.0129	229.25624	0	0	16	15	6	7	9	1	56.3082	6	0	0	4.4	10	1.1230909091
4.4	87.08	1	4.3809	369.3614696	0	3	28	26	4	4	12	0	87.2392	16	1	1	1.1	22	1.7366090909
0.57	78.29	0	2.65916	285.30274	2	0	24	22	4	5	5	0	79.688	17	0	0	59	10	2.8624545455
2	430.78	16	1.437	1210.4062	0	0	96	91	29	25	64	11	328.138	21	1	0	3.1	18	0.5800727273
23	108.23	3	-1.9993	197.18794	0	0	17	17	6	4	10	1	48.8626	6	1	1	1.2	10	2.443
1.9	79.04	1	0.4264	361.3675032	0	1	30	27	5	6	17	2	100.8527	11	1	1	11	16	1.4254415584
9.9	42.21	1	3.1435	329.4796	0	0	26	24	4	2	14	0	102.6257	12	1	0	21	22	10.1350909091
1.8	37.3	1	3.8826	312.44582	1	0	26	23	2	2	23	2	93.4328	0	0	0	20.4261428571	10	1.5664545455
3.8	113.43	2	1.19916	280.28468	2	0	22	21	7	7	11	3	84.5524	6	0	0	1.1	8.8	0.4238181818
16	33.54	2	1.2396	235.34522	0	0	18	18	3	2	11	1	74.0684	6	1	0	1.9	10	2.049
2.1	148.99	6	-0.314	407.5453	0	0	29	28	9	8	28	1	108.5106	0	1	0	7.5	13	2.6529090909
1.8	71.11	1	1.6445	337.3461032	0	1	26	24	7	7	18	2	91.0587	6	0	0	5.4	8.6	1.158
1.2	144.82	2	-3.2393	405.48794	0	0	35	34	9	6	26	3	111.2865	6	2	2	12	13	0.8904545455
1.3	63.19	0	-2.447	73.8909	0	0	3	6	1	3	2	1	6.769	0	2	2	5.7205714286	10	0.6724545455
1	61.69	2	2.6749	321.1581	0	0	23	21	4	4	9	2	89.2215	12	0	0	22	6.5	1.3626363636
16	24.75	1	4.9406	371.92352	0	0	29	27	3	2	16	1	114.4617	12	1	0	6.9	22	6.7670909091
4	52.9	1	2.6262	335.18468	0	0	24	22	4	4	10	2	94.1228	12	0	0	6.7	6.6	1.4596
8.2	89.61	1	3.8959	421.90268	0	0	33	30	5	6	11	0	116.0778	22	0	1	8.8463928571	20	4.3832727273
7.2	72.83	1	4.1955	404.53964	0	0	31	29	5	5	27	4	113.9238	0	0	0	1.3	8	1.5044363636
1	98.77	1	3.0681	460.37136	0	0	30	30	6	7	21	3	115.9597	6	0	1	2.395	10	0.4178727273
14	16.61	1	3.1852	278.41126	0	0	26	23	2	0	14	0	89.5764	12	1	0	54	46	33.5704545455
15	38.33	1	4.6706	359.7027128	0	4	26	24	3	3	13	1	82.6597	12	0	0	11	22	6.4456818182
15	84.08	2	3.0452	295.29272	0	0	25	23	6	5	7	2	81.7549	16	0	0	1.3	10	1.3175454546
16	118.62	4	1.5382	373.4229	0	0	31	29	8	6	18	1	101.3321	12	1	0	8.2	16	6.926
1.9	157.76	4	-2.3406	430.52058	0	0	37	35	10	7	27	4	120.3124	6	2	1	2	25	2.3294818182
0.12	136.22	2	3.0426	351.40072	0	0	25	23	7	8	10	4	90.3675	11	0	0	21	10	0.533
46	21.51	1	3.6726	264.3583232	0	1	21	20	2	1	14	1	80.7102	6	1	0	5	16	10.3380909091
7	71.01	1	-0.1265	305.20022	0	0	22	22	5	3	15	1	78.2296	6	1	1	1.1	10	0.8360909091
2.5	242.81	5	0.0333	642.62714	0	0	54	49	14	13	39	3	153.7063	12	1	2	17	17	7.7227272727
4.9	30.74	1	2.3652	248.34068	0	0	20	19	3	2	13	1	76.6917	6	1	0	6.4	16	2.6136818182
6.8	33.54	2	2.9513	247.35592	0	0	20	19	3	2	13	1	80.3814	6	1	0	2.5	10	1.4595454546
0.6	104.64	2	2.384	218.25022	0	0	14	15	6	6	12	2	53.8798	0	0	0	7.8996428571	10	0.7928909091
28	24.67	2	3.3078	234.35716	0	0	19	18	2	1	13	0	77.4297	6	1	0	2	16	5.0093636364
15	63.69	2	0.1944	169.1844	0	0	12	12	5	5	2	0	40.3625	10	0	1	3.7879285714	10	2.4247636364
3.9	142.89	2	-1.1618	383.4625	0	0	30	28	9	8	26	4	103.3857	0	1	1	1.3	11	0.2896363636
7.4	92.47	4	-3.5823	131.17952	0	0	12	13	7	3	10	2	38.2659	0	2	0	1.4	16	11.6181818182
1.7	21.51	1	2.8749	310.45312	0	0	25	24	2	1	12	1	98.5877	12	1	0	43	22	6.516
4.4	16.61	1	0.8108	150.24074	0	0	13	13	2	0	7	0	49.8884	6	1	0	16	16	4.7781818182
6.6	133.3	1	-0.0568	379.40756	0	0	28	26	8	9	19	3	96.3127	6	0	1	0.8	13	0.2789090909
3.7	52.81	1	1.0827	114.16884	0	0	8	8	2	2	2	1	30.8787	5	0	0	3.8	10	1.2375454546
12	66.48	1	1.5733	262.30432	1	0	19	19	5	5	14	4	79.2427	0	0	0	5.1612857143	6.5	1.4305606061
2.1	216.2	3	-0.8477	452.4234	0	0	35	33	11	13	15	3	114.514	17	0	2	3.4	22	1.2992121212
3.5	108.23	3	-1.6092	211.21452	0	0	18	18	6	4	11	1	53.7076	6	1	1	3.3	10	1.4619090909
22	66.76	2	1.6288	356.43544	0	0	31	26	4	4	24	1	101.1538	6	1	0	2	10	3.3638181818
20	37.3	1	3.8792	288.42442	0	0	24	21	2	2	22	2	85.6568	0	0	0	0.67	10	1.2509090909
0.55	42.91	1	2.6283	234.3141	0	0	20	19	4	2	13	1	71.9074	6	1	0	4.5	10	2.0574090909
6.1	94.83	3	1.8036	374.4706	0	0	30	27	5	5	26	4	101.8674	0	0	0	3.5	10	0.9973181818
6.4	218.52	3	5.8312	900.04078	0	0	70	64	15	15	46	6	235.6658	18	0	0	29	22	7.7977454546
5.7	68.79	3	1.5574	300.80432	0	0	21	21	5	4	14	1	83.5333	6	1	0	9.4	10	2.8002727273
1.2	55.38	0	7.3692	652.81892	0	0	54	48	6	6	30	0	197.802	24	2	0	5.6	26	8.8688757576
1.4	100.88	2	4.6982	365.83454	0	0	26	24	6	6	11	3	99.5896	12	0	0	19	10	1.485
13	55.3	2	0.587	268.37184	0	0	21	21	5	3	15	0	77.8552	6	1	0	4	10	2.6295454546
2.7	89.54	1	1.878	626.93221	0	0	21	21	5	6	12	3	103.1367	6	0	1	33.6828928571	10	0.2151363636
0.85	83.87	1	0.6152	171.15396	0	0	12	12	3	3	6	1	43.2458	5	1	1	7.8	11	0.6724545455
8.3	36.87	1	1.3126	180.26672	0	0	16	16	4	1	10	0	56.4451	6	1	0	12	16	5.2612727273
2.1	210.01	2	0.1078	538.57396	0	0	39	36	13	14	26	7	136.4009	6	0	1	0.71	10	0.161
4	68.65	2	3.8538	496.6366632	0	1	41	38	6	4	24	1	142.2164	16	1	0	13	13	4.1524545455
0.17	521.35	15	-0.8816	1269.2665	0	0	95	89	30	32	62	10	325.1152	23	0	1	21	18	0.6104181818
5.3	31.43	1	3.1789	326.7752632	0	1	27	24	2	2	9	1	93.7087	17	1	0	3.5	16	6.5437272727
1.7	105.59	6	-3.11	208.23222	0	0	15	15	6	5	15	0	52.0387	0	1	0	2.7	13	1.2347272727
6.2	69.54	1	1.61698	211.21936	1	0	18	17	4	3	4	1	59.9747	12	0	0	0.67	8	1.1717
1.2	174.32	3	-0.347	455.4605	0	0	37	34	7	9	26	5	114.0559	6	1	3	22	13	1.4066363636
8	20.57	1	2.696	266.3608	0	0	24	21	3	2	12	0	88.9577	12	1	0	16.0453571429	16	9.1311363636
7.9	178	6	-1.1692	444.48092	0	0	38	36	10	8	24	2	117.9098	12	2	2	25	25	11.7903636364
5.2	144.9	0	2.9546	1100.1668	0	0	79	76	14	14	52	3	305.978	24	2	2	0.87	20	1.8128848485
10	42.77	2	1.945	269.74722	0	0	20	19	4	3	13	1	75.2279	6	1	0	1.8	10	1.6835454546
0.68	98.55	1	7.6133	585.1753	0	0	45	41	4	5	20	2	170.7033	23	0	1	3.8	22	0.8060909091
26	54.13	3	1.3502	286.3456	0	0	26	22	4	3	19	1	83.2335	6	1	0	4.5179285714	10	2.7127272727
0.72	237.26	2	-3.4683	518.45672	0	0	39	36	13	16	23	5	117.3647	11	0	2	3.9	13	0.1712636364
2.4	91.21	1	1.6438	401.4313632	0	1	35	31	6	6	22	2	113.0654	11	1	1	9.7	11	1.8906363636
11	73.04	3	0.8697	242.68542	0	0	18	17	6	5	11	1	69.9961	6	1	0	2.7	10	1.7642727273
2.9	86.53	4	-0.3914	310.40852	0	0	25	24	6	4	19	0	86.7908	6	1	0	11	13	1.9699090909
3.3	124.07	1	1.4779	413.46684	0	0	32	29	7	8	18	3	112.1337	11	0	1	1.1	11	0.2162727273
22	74.36	4	1.8594	358.45132	0	0	32	27	5	4	26	0	102.0213	6	1	0	3.5	10	4.8215454546
15	54.13	3	2.6646	340.43604	0	0	31	26	4	3	24	1	100.3855	6	1	0	6.3125714286	10	6.5505151515
23	71.2	3	1.4535	328.38228	0	0	29	25	5	4	21	2	93.0855	6	1	0	1.2	10	1.9555454546
57	71.2	3	1.6775	342.40886	0	0	31	26	5	4	24	1	96.2525	6	1	0	2.2	10	4.2102727273
6.4	198.94	4	0.0205	558.64976	0	0	44	41	12	11	27	6	147.4257	11	1	1	0.94	18	0.3781272727
6.6	74.78	3	3.6926	336.47224	0	0	27	25	5	3	15	2	99.3051	10	1	0	6.1	16	2.821
1.8	69.23	1	2.3171	316.41464	0	0	24	23	3	4	16	2	89.8092	6	0	1	1.4	8.6	0.2530681818
14	75.53	3	1.3374	406.4429464	0	2	34	31	6	4	22	0	104.599	12	1	0	13.672	11	9.2614545455
7.5	56.73	1	3.769	471.01482	0	0	37	34	5	6	19	1	140.9717	17	1	0	1.1	14	2.3536363636
12	13.67	1	3.3901	254.3468	0	0	22	20	2	1	10	0	82.0267	12	1	0	8.1	20	5.6404545455
81	148.77	4	-1.3902	297.2673	0	0	23	21	9	10	13	0	69.1658	10	0	0	1	13	4.6473636364
9.2	29.54	0	1.9437	223.29146	0	0	16	16	3	3	9	1	65.419	6	1	0	1.3	16	1.2968181818
0.55	213.75	8	-7.4035	480.61924	0	0	48	46	20	7	47	1	124.1225	0	5	0	2.2	20	0.7333363636
0.3	63.57	1	2.4783	266.29786	0	0	23	20	3	4	5	1	78.1967	17	0	0	81	10	1.4044545455
11	114.89	2	3.1127	480.5329	0	0	38	36	7	5	21	5	137.5864	12	2	1	1.5	13	2.3029090909
18	17.33	1	2.0004	163.2395	0	0	14	13	2	1	8	0	54.0907	6	1	0	2.4	16	3.6270909091
7.3	110.45	1	3.0276	346.33462	0	0	26	25	6	5	15	5	94.5247	6	1	1	5.4788928571	13	1.076
15	119.68	1	3.8228	418.44034	0	0	31	30	7	6	20	5	114.8377	6	1	1	1.2	13	1.7337272727
15	110.45	1	4.0538	388.41436	0	0	29	28	6	5	18	5	108.9457	6	1	1	6.5	13	3.7652363636
0.86	87.28	1	2.4811	281.26614	0	0	23	21	4	3	8	3	86.8617	12	1	1	33	10	1.7651818182
25	110.45	1	3.4177	360.3612	0	0	27	26	6	5	16	5	99.3317	6	1	1	7.0488214286	13	1.3878181818
9.7	120.73	1	0.8634	238.15704	0	0	18	17	6	6	9	4	62.8047	5	1	1	12.007	10	0.6800909091
9.8	145.33	3	-0.2067	333.47332	0	0	24	24	7	4	17	2	91.9318	5	3	1	1.7	16	7.6092727273
0.4	168.24	3	0.5882	588.57976	0	0	51	45	15	12	38	1	141.9109	12	1	0	8.7732857143	13	2.0427272727
22	30.46	2	3.5794	239.33546	0	0	21	19	2	1	9	0	80.5391	12	1	0	4.5	18	5.6612727273
9.9	42.91	1	1.3993	260.35138	0	0	22	21	4	2	14	2	77.3104	6	1	0	4.2	10	2.6334545455
10	16.61	1	2.8002	264.38468	0	0	24	22	2	0	11	1	87.3184	12	1	0	37	16	10.2231818182
2.5	79.04	1	0.4264	361.3675032	0	1	30	27	5	6	17	2	100.8527	11	1	1	11	16	1.4254415584
2.6	182.17	5	4.3466	870.65302	0	0	63	58	15	12	41	4	230.7844	18	2	1	1.9	26	5.9812727273
1.2	145.44	2	0.2402	300.22312	0	0	23	22	6	8	8	3	71.14	12	0	2	0.97	10	0.6533363636
8.4	96.31	1	3.7654	345.41606	0	0	27	25	5	5	11	0	93.6992	16	1	1	0.48	13	0.4371818182
5.8	39.82	0	3.1285	293.36296	0	0	25	22	2	4	9	1	87.3945	15	0	0	5.2	10	1.6118181818
4.8	106.1	2	-0.8537	284.35136	0	0	23	23	7	5	20	3	74.7053	0	1	1	2.0530357143	10	0.5481818182
6.3	140.87	1	0.8894	400.42832	0	0	31	28	7	9	17	3	103.7917	11	0	1	0.5	13	0.3922727273
1.1	61.69	2	2.0215	286.71304	0	0	22	20	4	4	8	2	84.2115	12	0	0	8.9	5.3	0.856
1.8	83.63	2	-1.2969	158.1552	0	0	11	11	5	5	9	2	39.9222	0	0	0	4.9	8.8	0.7016363636
5.1	50.97	2	1.9258	358.49438	1	0	28	27	4	3	20	1	106.0445	6	1	0	2.7	8.4	1.8055454546
6.1	60.2	2	1.2003	316.37158	0	0	28	24	5	4	21	1	88.4145	6	1	0	6.8	8.6	2.5110909091
2	211.54	5	-1.7772	458.41808	0	0	37	34	8	10	26	5	106.8625	6	1	3	12	17	1.9830909091
6.4	221.29	4	4.1266	853.90614	0	0	68	62	15	15	43	7	218.9591	18	0	0	30.106	18	3.7722363636
2.6	24.75	1	2.7465	297.4146	0	0	27	23	3	2	20	1	95.9602	6	1	0	40	16	6.4382727273
2.5	193.87	2	-0.6273	232.045642	0	0	15	16	6	7	13	2	37.5449	0	1	4	25.0954285714	10	1.5377272727
1.5	52.6	0	6.0281	572.8619	0	0	46	41	4	4	44	2	175.461	0	2	0	2.1683571429	13	33.4691
2.6	134.8	2	-2.5798	339.40994	0	0	27	25	8	7	23	4	94.0667	0	1	1	1.2	8.8	0.2368181818
2.2	105.54	1	3.75	383.3698064	0	2	29	27	6	6	13	0	90.3612	16	1	1	7.9433571429	22	2.3281545455
11	49.81	0	3.86	339.38504	0	0	27	25	5	5	10	0	97.164	17	0	0	1.4	13	1.5104545455
0.89	60.69	3	5.5606	416.63646	0	0	32	30	3	3	29	3	127.4024	0	0	0	7.7	13	2.1921636364
18	44.3	1	3.8695	330.3733432	0	1	29	26	5	3	17	0	93.0424	12	1	0	17	16	12.9630909091
2	69.81	1	0.4929	333.3574032	0	1	27	25	4	5	14	2	96.4747	11	1	1	13	11	1.5166666667
8.4	130.05	4	-0.7261	253.2578	0	0	20	19	7	7	9	1	65.3667	10	0	0	2.4	13	1.3150909091
6.9	114.84	1	-0.1451	333.38218	0	0	25	23	6	7	16	3	87.9142	6	0	1	2.0246428571	10	0.3655454545
74	121.68	4	0.6441	342.43534	0	0	30	29	8	4	16	2	102.0406	12	2	0	12	25	39.8355454545
23	24.67	2	4.0347	286.43172	0	0	24	22	2	1	17	1	94.2287	6	1	0	2.5	16	3.8832727273
0.47	75.27	2	1.8426	226.27222	0	0	16	16	5	5	13	3	67.0394	0	0	0	31.0844285714	6.6	0.9035757576
39	78.89	0	0.193	278.30702	0	0	21	20	4	7	8	3	76.274	10	0	0	0.77	6.6	2.146
1.7	117.18	1	-2.2956	339.40668	0	0	27	26	6	6	24	3	90.3344	0	1	2	7.6	10	0.6108181818
27	56.45	2	4.0977	404.97658	0	0	31	28	5	3	19	0	125.0435	12	1	0	11	17	14.8178181818
21	38.33	1	2.1167	179.21572	0	0	13	13	3	3	6	1	52.0537	6	0	0	1.1	10	1.2500909091
5.1	4.44	1	4.484	244.39504	0	0	21	19	1	0	15	0	82.9067	6	1	0	23	20	11.7960909091
4.2	124.07	1	0.0797	363.40816	0	0	27	25	7	8	18	3	94.2472	6	0	1	1.2	10	0.3151818182
0.063	75.27	2	1.358	232.23528	0	0	18	17	5	5	9	3	67.6344	6	0	0	140	6.6	0.9256909091
6.8	124.07	1	-0.3088	349.38158	0	0	26	24	7	8	17	3	89.4402	6	0	1	1	10	0.3743636364
14	79.37	2	2.863	334.37182	0	0	29	26	6	5	11	2	104.0294	16	0	0	2.2	10	1.7605454546
7.7	61.86	3	0.8794	249.32874	0	0	22	21	5	2	12	0	74.0469	10	1	0	2.6	16	1.7572727273
4	184.56	2	-0.9795	516.54684	0	0	39	36	12	13	27	6	136.8619	6	0	1	1.1	8.8	0.2295818182
3	59.08	0	-2.175	776.72576	0	0	49	46	6	6	47	2	211.484	0	2	2	1.9	10	1.4063
3.1	121.14	1	2.9361	361.39228	0	0	27	25	6	7	12	3	93.6114	12	0	1	0.91	10	0.1766545455
7.8	75.76	3	4.69668	432.60094	1	0	37	34	5	3	23	1	137.0898	12	2	0	10	13	4.6822727273
1.8	37.56	2	4.5127	339.49434	0	0	28	26	3	2	16	0	108.4645	12	1	0	13	22	3.8094545455
0.0047	439.57	6	8.3778	1117.08414	0	0	83	76	19	27	28	13	266.0698	42	0	4	960	730	1.4642363636
14	127.12	3	1.1057	423.5198	0	0	31	30	6	7	27	4	112.0989	0	0	1	0.59	10	0.646
4.7	106.95	1	2.3687	383.40114	0	0	31	28	8	9	14	1	110.3609	16	0	0	2.6	13	1.326
2.9	94.83	3	1.5576	360.44402	0	0	29	26	5	5	25	4	97.0604	0	0	0	4.8	10	0.7790909091
2.5	91.67	2	1.7658	358.42814	0	0	29	26	5	5	24	5	96.0986	0	0	0	4.6947857143	8.8	0.7589545455
29	45.71	2	1.3684	221.31864	0	0	18	18	4	2	11	1	69.0081	6	1	0	4.9978571429	10	3.3777272727
5.8	61.79	2	2.1389	260.35468	0	0	23	22	6	3	12	0	80.7338	11	1	0	11	6.5	2.1032727273
0.25	85.89	0	1.9416	284.35132	0	0	19	19	4	5	10	3	71.484	6	0	1	8.7	6.6	0.1761818182
10	59.56	3	0.8954	236.33328	0	0	18	18	4	3	11	1	72.0313	6	1	0	3.7	10	2.0917272727
16	36.22	1	4.7352	374.9506	0	0	29	26	4	2	17	0	119.0747	12	1	0	16.3092857143	22	7.1597272727
0.86	24.67	2	4.0925	288.4476	0	0	24	22	2	1	18	0	93.6825	6	1	0	14	20	2.1555454546
14	32.98	1	2.8889	285.42704	0	0	23	21	3	1	11	0	91.3267	12	1	0	16.9342857143	16	8.2980909091
14	32.98	1	2.8873	285.42704	0	0	23	21	3	1	11	0	91.3267	12	1	0	17	16	11.1408181818
16	63.14	2	2.2152	342.45192	0	0	28	27	5	3	15	1	101.6787	12	1	0	2.2	8.6	2.0318030303
36	20.23	1	3.639	178.27072	0	0	13	13	1	1	7	0	57.625	6	0	0	2.2	16	4.3987272727
15	30.74	1	2.8584	340.4791	0	0	27	26	3	2	14	1	104.4797	12	1	0	25.2267142857	22	10.3470909091
12	46.07	2	1.5513	260.35138	0	0	22	21	4	2	11	0	79.6962	11	1	0	4.3	10	3.0834545455
3.1	80.74	2	1.385	170.2321	0	0	13	13	4	2	5	2	46.8274	6	0	0	1.8	10	0.8437272727
0.62	187.07	3	6.3285	516.41088	0	0	46	39	5	9	13	2	136.5068	31	0	4	36.2087142857	20	2.7581636364
9.6	33.42	0	0.5715	181.21172	0	0	13	13	3	3	6	1	49.624	6	1	0	1.8	10	1.5337272727
0.052	77.82	2	3.6862	248.71142	0	0	18	17	4	4	6	0	71.0598	12	0	0	140	10	0.9752727273
5.1	39.84	3	4.0474	401.97268	0	0	32	30	4	2	16	0	123.5611	16	2	0	150	120	112.394727273
0.93	117.18	1	-1.6691	409.455	0	0	34	32	6	6	19	3	112.7394	12	1	2	2.3	16	6.0095454546
4	46.79	2	3.3253	325.4247	0	0	28	25	4	3	16	1	100.6975	11	1	0	14	13	2.5877489178
1.9	46.79	2	3.3253	325.4247	0	0	28	25	4	3	16	1	100.6975	11	1	0	14	13	2.5877489178
16	257.7	5	3.3378	1023.22632	0	0	81	74	20	19	55	8	297.4073	18	1	0	0.7	25	0.9428
4	96.31	1	3.8551	359.44264	0	0	28	26	5	5	12	0	97.7472	16	1	1	0.92	16	0.5254545455
9.6	117.34	3	-0.0702	316.41966	0	0	24	24	6	3	17	2	88.5258	5	3	1	2.1	16	7.7454545455
40	44.9	3	3.002	268.33032	0	0	24	21	3	2	12	0	83.9817	12	1	0	0.67	20	3.0769090909
0.82	44.3	1	3.7368	314.39876	0	0	27	25	5	3	15	0	94.5984	12	1	0	13	16	2.5925454546
4.5	57.74	3	2.2507	264.38644	0	0	21	21	5	3	14	1	81.9718	6	1	0	5.2	10	1.9168181818
37	77.35	1	2.1524	377.45466	0	0	29	28	7	6	20	3	106.8007	6	1	0	0.18	8	1.7034090909
1.7	52	2	3.2234	372.27736	0	0	24	23	5	4	17	1	94.6239	6	1	0	6.4	8.6	1.4424848485
7.8	81.7	1	4.3411	451.5778	0	0	35	33	5	6	21	2	133.5037	12	0	1	16.2710357143	13	0.9275090909
2.2	88.67	1	2.5872	401.4992	0	0	33	30	7	5	18	3	111.3869	12	1	0	18.6471071429	10	0.9894545455
5.2	143.72	4	-2.3112	244.20468	0	0	18	17	8	9	12	1	51.0633	5	0	0	45	10	8.6887272727
1.5	268.86	10	-9.5195	458.50442	0	0	45	43	22	10	45	0	104.6622	0	4	0	2.8	25	0.2402090909
2.4	214.16	5	5.5134	848.01262	0	0	69	64	15	13	54	9	244.7879	6	2	1	65	37	7.5386363636
3.5	221.35	7	4.5634	823.94816	0	0	64	60	16	15	46	7	235.1875	11	1	0	4.6	25	2.3565454546
1.5	179.12	1	1.3784	279.080502	0	0	17	17	4	8	9	2	51.0548	6	0	4	18.7835714286	10	4.7694545455
5.4	65.36	1	3.7425	411.4924232	0	1	35	31	4	5	18	1	118.6707	16	1	0	3.4	22	2.0896363636
31	77.3	4	1.3258	288.36148	0	0	24	23	5	3	12	0	84.3902	12	1	0	2.4	10	4.2995454546
12	33.98	1	1.3426	251.34462	0	0	19	19	4	3	12	1	74.3807	6	1	0	1.9	10	1.7203181818
16	50.94	2	0.4947	270.3528	0	0	24	22	4	3	9	0	81.1684	15	1	0	22.1504285714	11	2.6377272727
3.7	60.2	2	4.5184	530.78216	0	0	44	39	5	4	42	2	161.4335	0	2	0	3.5662142857	8	1.1408454546
0.97	181.76	5	-0.2211	526.55828	0	0	44	40	8	9	33	5	135.4897	6	2	3	34.0791428571	25	2.3530909091
7.4	208.27	5	2.9712	541.72366	0	0	36	36	11	11	29	7	157.3201	0	0	0	2.6	13	1.9846363636
5.5	33.54	2	3.7315	275.40908	0	0	22	21	3	2	15	1	89.9954	6	1	0	2.3	10	2.1729090909
0.082	65.37	0	2.9589	307.3233	0	0	25	23	3	5	6	2	88.718	17	0	1	43	10	0.2072272727
0.65	84.8	0	2.6055	356.41882	0	0	27	25	6	6	13	2	100.671	12	0	1	5.1	10	0.2503212121
11	152.13	2	2.1478	480.5296832	0	1	34	33	8	9	18	4	121.4561	12	0	1	2.6	10	1.3257272727
14	193.22	3	5.8475	829.9278	0	0	66	60	14	14	47	7	215.8478	12	0	0	14	18	9.2454545455
13	167.95	6	5.1175	671.84874	0	0	54	50	11	10	33	4	193.8295	17	1	0	4.6	26	3.8739393939
16	63.5	2	1.0702	304.36088	0	0	26	23	5	4	19	1	84.4415	6	1	0	3.2	8.6	2.6985454546
20	4.44	1	0.7655	188.28872	1	0	15	15	1	0	8	0	62.5657	6	1	0	1.6	16	3.5136363636
3.7	88.09	3	1.2573	314.42366	0	0	22	22	6	5	13	3	85.8966	6	1	0	3.7	10	1.0726363636
9.1	123	2	2.7817	475.58434	0	0	38	35	9	8	19	3	135.5184	16	1	0	2.6	13	1.5022727273
1	224.78	8	-7.7449	452.56608	0	0	47	45	21	7	46	1	114.4142	0	5	0	3.2	25	0.1769272727
3.7	93.01	1	0.7161	409.8143264	0	2	35	31	6	5	22	2	102.8531	11	1	1	13.9507142857	13	1.759
6	78.66	1	1.2376	408.3215592	0	6	33	31	7	5	21	1	88.5101	11	1	0	14.3733571429	12	3.014
2.1	33.98	1	3.9549	363.47268	0	0	32	28	4	3	19	1	114.0407	12	1	0	6.7	22	7.3490909091
2	91.39	3	1.2171	273.37174	0	0	20	20	6	4	12	2	74.1269	6	1	0	11	10	1.3491818182
2.7	108	2	1.9361	392.3997864	0	2	33	30	6	6	20	2	108.2428	11	1	1	24	16	2.9940909091
0.99	138.67	5	-4.978	334.36544	0	0	29	27	11	7	28	1	78.1672	0	2	0	2.2	17	1.3043636364
1.2	155.9	4	3.5222	629.97788	0	0	53	50	11	5	51	2	179.5911	0	3	1	3.2	26	4.1680909091
8.2	84.32	2	-0.7091	224.21328	0	0	18	17	5	5	9	3	56.4375	6	0	0	1.4	8.8	0.6659090909
0.78	339.49	14	-10.2249	584.59788	0	0	48	46	22	16	45	3	133.026	0	3	0	7.3	18	0.5747818182
15	62.22	1	4.3669	387.55874	0	0	30	28	4	4	18	1	118.0657	11	1	0	10	10	4.4519090909
5.1	102.96	0	-1.111	232.2337	0	0	16	15	5	6	12	4	52.1845	0	0	1	1	8.8	0.3914545455
1.6	180.42	1	-0.0205	412.43744	0	0	29	27	8	10	18	5	96.5986	6	0	2	1.6	11	0.1765454545
0.55	94.32	1	3.1149	249.26906	0	0	18	17	5	5	4	2	63.1274	12	0	1	8.8	10	0.3557909091
0.36	94.57	1	3.6213	252.2697	0	0	18	17	4	5	5	2	62.5644	11	0	1	14	10	0.4351818182
0.34	76.9	0	4.7495	403.47356	0	0	32	29	4	5	12	2	119.5685	18	1	2	5.9	13	1.5303636364
0.3	106.6	2	3.4094	267.30422	0	0	19	18	5	6	6	2	67.9531	11	0	0	36.4954285714	10	0.3820909091
19	74.78	3	1.3758	296.40838	0	0	23	22	5	3	11	2	83.3781	10	1	0	1.5	10	1.8947272727
0.76	85.44	0	1.8325	259.30034	0	0	19	18	2	4	6	2	68.603	11	0	1	0.88	10	0.1248818182
0.0057	551.01	6	11.6104	1291.23206	0	0	93	86	23	29	30	17	295.0086	46	0	6	788.864285714	730	1.2899272727
56	40.16	2	2.6961	199.2716	0	0	18	16	2	1	7	0	64.4741	11	1	0	7.6393571429	16	8.772
0.7	178.36	3	4.5769	804.01816	0	0	60	57	13	13	53	7	220.3034	0	0	0	64.4003571429	13	2.0275454546
4.9	87.2	4	2.7063	364.50226	0	0	29	28	7	5	22	1	106.4596	6	1	0	11	13	4.4485454546
0.62	112.84	2	3.0958	409.51966	0	0	31	30	8	6	17	2	109.4938	12	1	0	16.6616428571	13	0.9303636364
18	87.03	4	1.7767	302.39466	0	0	26	25	7	4	14	2	92.1465	10	1	0	4.9	13	4.6913636364
0.2	666.86	23	1.6427	1877.6424	0	0	148	135	43	41	96	10	475.7832	42	1	1	203.885714286	45	1.2130909091
0.2	630.13	20	2.2814	1755.634901	0	0	136	127	38	35	97	9	451.2343	30	3	3	9.2	37	1.313
14	173.05	2	3.45	813.01164	0	0	63	59	14	14	48	4	222.6325	11	1	0	3.6	13	2.8718545455
8.4	75.77	0	5.9297	513.60896	0	0	44	39	3	6	11	1	155.47	32	0	1	11	20	3.9682363636
3.6	108.17	1	-1.3778	194.15084	0	0	15	14	6	8	3	2	44.3989	10	0	0	2.3	10	1.051
7.7	241.96	4	5.6603	1030.28708	0	0	76	73	17	17	66	10	279.9002	0	0	0	10	26	3.4844545455
0.19	189.07	3	2.7529	656.65368	0	0	53	46	13	14	35	1	156.6646	17	0	0	37	13	0.9490727273
3.1	151.85	1	1.4064	285.196441	0	0	20	19	6	9	9	1	64.4179	10	0	2	6.0117857143	10	0.7582181818
0.03	136.22	2	2.7342	337.37414	0	0	24	22	7	8	9	4	85.4015	11	0	0	92	8.6	0.5071818182
1.1	103.04	1	1.6409	387.4329	0	0	31	28	9	9	19	1	111.5854	11	0	0	15	11	1.1452181818
3.4	77.3	4	0.4931	226.2921	0	0	18	18	5	3	12	0	64.7482	6	1	0	7.4	10	1.5670909091
1.1	16.61	1	3.959	282.44302	0	0	24	23	2	0	12	0	93.6414	12	1	0	81	22	9.3383636364
0.039	110.34	0	2.4248	407.45742	0	0	29	28	6	7	14	3	102.7925	12	0	1	56	10	0.2195909091
1.5	191.31	4	-0.748	442.41868	0	0	36	33	7	9	25	5	105.7007	6	1	3	12.3842857143	16	1.1466363636
8.1	205.59	2	3.9928	604.61704	0	0	47	43	14	14	16	2	152.3615	29	0	1	0.58	16	1.7199090909
3.4	83.55	1	0.3545	258.2295	0	0	21	19	6	6	11	4	70.9517	6	0	0	4.3	8.8	1.0040909091
0.86	72.68	1	-1.0397	180.16402	0	0	15	14	4	5	3	2	47.1377	10	0	0	9.9	10	0.5818181818
8.2	90.29	2	2.0075	242.33782	0	0	16	16	5	5	13	3	74.2414	0	0	0	2.4	8	0.8273530303
6.7	50.93	0	0.622	189.218341	0	0	13	11	4	4	12	1	60.615	0	0	0	4	8.6	1.3516242424
1.6	101.05	1	3.8622	375.548	0	0	28	26	2	4	16	2	110.6512	10	1	1	12	20	1.5222727273
2.4	154.14	4	-0.9037	260.26698	0	0	18	17	7	8	12	1	56.8593	5	0	0	7.6	11	1.3007272727
1.8	183.21	1	-1.7926	382.41146	0	0	27	25	7	10	18	4	90.4277	5	0	2	1.5	13	0.1770454545
3.8	220.03	5	-0.9736	584.64072	0	0	48	45	11	11	36	6	151.694	6	2	3	53	25	8.9023
16	30.74	1	1.3506	274.37796	0	0	22	21	3	2	14	2	82.2117	6	1	0	4.2	16	3.799
8.5	112.56	2	-0.4587	317.4276	0	0	24	23	8	7	19	0	86.2292	5	1	0	3	10	1.5716363636
0.6	106.16	0	2.1384	247.27152	0	0	16	16	4	4	8	3	60.662	5	1	1	16	10	0.6473636364
8.9	89.83	1	1.2552	178.14814	0	0	14	13	2	4	3	0	48.4714	11	2	2	1	16	15.168
4.3	120.52	2	3.6305	440.59664	0	0	33	32	7	6	24	3	122.3586	6	1	1	1.8	13	1.7383636364
11	92.05	3	1.7674	254.71926	0	0	19	17	5	5	8	1	73.9211	10	1	0	11.0825714286	10	2.194
1.6	276.27	10	-9.8798	472.55418	0	0	49	47	24	9	49	0	112.2725	0	5	0	2.4	22	0.2151090909
2.2	56.74	2	0.9453	193.26548	0	0	17	17	5	2	10	1	59.4588	6	1	0	14	8.8	2.0157272727
14	98.39	3	1.1763	345.4128	0	0	28	27	7	5	15	1	96.4571	12	1	0	4.8	13	3.9483636364
0.21	83.65	2	3.6456	270.34792	0	0	18	18	5	5	9	3	69.9224	6	0	0	69.0153571429	10	0.3112363636
1.9	106.18	1	3.5068	272.2329	0	0	21	20	3	3	7	2	72.26	12	1	2	34.3357142857	13	2.9423363636
11	49.77	1	1.3775	207.22582	0	0	16	15	4	4	9	1	58.8858	6	0	0	2.3	6.6	1.3996151515
8.4	24.67	2	3.9243	326.49558	0	0	26	25	2	1	14	0	105.4937	12	1	0	23.2492857143	22	10.3425454545
1.9	223.46	6	-3.4982	538.64024	0	0	43	40	14	12	37	6	146.8932	0	2	1	2	17	1.8665181818
27	101.09	4	-1.2792	396.48602	0	0	35	32	8	6	15	1	118.7806	19	2	0	33.1128571429	45	52.3658181818
13	106.09	3	0.4297	422.45376	0	0	36	32	7	7	17	2	116.0715	17	1	0	2.3	22	2.1837272727
0.53	108.57	3	4.4655	348.42	0	0	25	24	7	6	10	3	92.4541	12	0	0	6.6	10	2.8165454546
12	199.8	5	4.0462	763.8531	0	0	65	57	16	13	45	2	209.4889	18	2	0	35	26	19.2404545455
6.5	33.9	2	1.2175	264.38314	0	0	21	20	3	2	15	0	79.4405	6	1	0	5.8935714286	11	2.79
2.4	67.77	1	-1.2154	157.2102	0	0	14	14	4	2	13	1	42.2506	0	1	1	7.7321428571	10	0.5777878788
27	65.13	4	2.9498	328.42534	0	0	27	25	4	3	15	0	99.4333	12	1	0	2.6	17	5.5942272727
1.4	46.98	1	2.5788	372.87182	0	0	30	27	4	5	13	1	112.0817	16	1	0	6.2	13	1.1671818182
9.4	93.06	2	2.4188	434.4977432	0	1	35	31	6	6	31	4	110.5026	0	0	0	5.852	8.6	2.8408484849
63	129.62	3	2.577	253.26264	0	0	21	19	7	7	4	0	73.7772	17	0	0	3.4	13	9.426
3	43.07	0	3.6691	343.20998	0	0	26	23	3	4	8	1	95.661	17	0	0	3.2	16	1.244
0.96	132.5	2	1.8514	435.47416	0	0	33	31	11	11	21	1	121.7802	11	0	0	3.1	13	1.536
2.1	105.51	2	2.42	290.31772	0	0	22	21	7	7	10	0	79.7698	12	0	0	12	10	2.524
0.77	117.54	3	3.9759	369.41762	0	0	29	27	8	8	12	0	106.5815	17	0	0	17	16	3.3915454546
16	7.68	1	2.7689	295.44178	0	0	25	23	2	0	13	0	99.8287	12	1	0	17	46	13.06
26	46.53	2	3.102	285.36084	0	0	26	23	4	2	15	1	86.7729	10	1	0	6.3	13	7.4336363636
1.7	138.67	5	-3.8077	376.44518	0	0	32	30	11	7	31	1	92.5882	0	2	0	2.9425714286	17	1.4876363636
1.4	105.9	1	-0.092	416.3533096	0	3	37	33	7	6	18	2	103.5311	17	1	1	15	20	1.715030303
2.4	99.6	2	-0.7295	213.19064	0	0	16	15	6	7	9	1	49.8022	6	0	0	6.9	10	0.9471818182
3.4	81.82	3	6.8119	610.73918	0	0	52	46	7	6	28	0	183.9627	24	2	0	2.2	120	4.2426636364
6	131.71	3	1.3623	368.19314	0	0	25	24	8	6	10	4	84.3492	11	0	0	2.2	10	1.0097272727
3.1	72.94	2	1.0069	388.4839	0	0	31	29	6	7	17	2	119.6414	12	1	0	6.0896428571	10	2.0620909091
0.16	40.13	0	0.9527	143.2035	0	0	9	10	1	2	8	1	40.3995	0	0	1	4.7083571429	10	0.6435454545
0.49	112	0	2.4561	433.50288	0	0	34	32	6	7	15	2	119.9805	17	0	2	7.5	13	0.3999727273
2.6	275.64	4	4.6037	1214.62194	0	0	86	86	23	23	73	13	379.3108	0	0	0	12	25	3.081
1.3	539.52	18	-0.2363	1450.26154	0	0	115	106	35	31	77	8	368.8994	30	2	1	6.9	26	0.8150909091
13	122.48	2	3.2412	489.61092	0	0	39	36	9	8	20	3	139.4884	16	1	0	3.8	13	2.199
4.5	57.04	1	3.0808	638.73932	0	0	46	42	5	4	44	2	179.4867	0	2	1	11.66525	8.6	0.5117545455
14	33.9	2	1.6185	278.40972	0	0	22	21	3	2	16	0	84.4025	6	1	0	5.2	11	3.8109090909
18	65.15	1	3.67598	455.60956	1	0	35	34	6	5	22	0	133.7187	12	1	0	3.4	10	9.4933636364
0.68	123.93	0	5.1419	514.07924	0	0	36	34	6	7	16	3	143.6525	17	0	1	2.7	13	0.6177272727
2.1	44.3	1	1.9955	238.3028	0	0	20	19	5	3	14	0	70.1114	6	1	0	5.8	10	1.3455454546
3.1	156.5	5	4.3601	812.99	0	0	70	62	13	10	50	4	234.4497	16	2	0	150	26	20.9697272727
2	173.57	5	4.5226	826.97352	0	0	71	63	14	11	50	5	235.0387	16	2	0	114.832	37	9.8403636364
2.2	167.22	7	3.8019	755.94198	0	0	66	58	12	9	47	3	221.5279	16	2	0	38	26	18.1136606061
20	136.27	4	5.1228	780.94814	0	0	68	60	12	9	47	5	227.9689	16	2	0	67.1227857143	37	19.5627575758
8.3	76.72	1	2.1769	349.3104696	0	3	27	25	5	6	10	0	81.1878	17	0	0	17.5430714286	10	2.1713636364
28	78.43	3	2.935	264.3202	0	0	19	19	5	5	11	2	73.3279	6	0	0	0.3	8	0.9080984848
0.055	70.34	0	4.0478	307.32	0	0	25	23	2	4	6	2	86.6905	17	0	1	39	10	0.4320545455
3	107.87	4	-0.9341	340.39474	0	0	27	26	9	7	20	1	92.6139	6	1	0	3.6	16	1.29
5.6	90.37	2	0.0766	211.21782	0	0	16	15	5	6	9	1	53.5242	6	0	0	1.6	10	0.6823636364
16	74.29	0	2.64078	305.3339	1	0	25	23	5	6	7	1	87.159	16	0	0	17.4825714286	6.6	1.2622727273
1.6	205.16	7	-5.2481	332.3098	0	0	24	24	10	10	20	4	74.3801	0	1	1	2.4	13	0.3035454545
25	134.07	2	-0.74354	267.24132	0	0	21	20	6	6	11	4	61.7325	6	1	1	1.2	10	1.3101818182
5.1	77.91	2	4.1641	413.94358	0	0	33	29	5	5	16	1	126.4394	16	1	0	3.3	13	4.6627272727
2.2	184.05	1	0.6374	268.057862	0	0	16	16	4	9	9	2	45.3408	5	0	4	18.4668571429	10	1.5686363636
6.7	58.56	3	0.8346	288.36478	0	0	25	23	5	3	14	1	87.5031	10	1	0	6.0817142857	10	1.9686363636
4.3	37.61	0	3.2488	307.38954	0	0	25	23	3	4	8	1	93.043	16	0	0	2.1	10	1.261
5.3	158.63	1	-0.9432	330.23252	0	0	27	25	6	7	7	4	80.6712	16	1	2	0.6	13	1.3167818182
3.3	92.96	1	1.723	389.81622	0	0	31	28	9	8	17	2	107.9192	12	1	0	6.6	13	1.5494545455
0.67	218.8	2	5.9854	966.20996	0	0	73	69	16	17	59	9	264.6746	5	0	0	33	18	4.6280181818

