13.0 13.0
14.0 14.0
2.2 1.7
10.0 10.0
4.0 4.0
5.0 5.0
0.65 3.6
3.1 3.1
5.4 5.4
12.0 12.0
0.69 0.69
4.7 4.7
3.7 3.7
6.2 6.2
7.8 7.8
1.3 1.3
3.9 3.9
5.9 3.5
6.6 6.6
11.0 11.0
8.9 8.9
8.7 8.7
0.74 0.79
15.0 15.0
4.8 4.8
6.3 6.3
1.1 1.2
9.3 9.3
1.9 1.9
6.1 10.0
7.0 2.7
3.3 2.8
9.7 9.7
2.8 2.8
8.9 8.9
4.3 4.3
2.6 2.6
0.21 0.21
0.64 0.89
1.0 2.6
5.0 5.0
0.83 4.8
1070.0 1070.0
2.5 3.1
9.3 9.3
0.15 0.15
5.7 5.55
7.6 7.6
35.0 35.0
0.14 0.14
9.0 9.0
2.4 2.4
10.0 10.0
2.5 2.2
1.5 1.9
18.0 18.0
3.1 3.1
36.0 36.0
8.3 8.3
2.8 2.5
9.2 9.2
3.4 4.8
5.5 5.5
2.5 3.3
10.0 10.0
12.0 12.0
17.0 17.0
3.7 3.7
9.6 9.6
19.0 14.0
2.1 2.1
0.51 0.51
1.3 1.6
13.0 13.0
2.0 2.0
20.0 11.0
5.6 8.9
8.9 9.5
2.5 3.5
4.8 1.1
4.3 4.3
19.0 19.0
41.0 41.0
1.4 1.4
12.0 12.0
1.9 1.9
78.0 78.0
1.5 1.6
7.8 7.8
0.14 0.16
2.5 2.5
3.6 3.6
3.3 3.3
0.89 1.9
2.6 2.7
2.2 2.2
1.9 1.9
1.0 1.5
1.5 1.9
0.61 1.3
1.3 1.3
0.66 1.0
2.7 2.7
0.42 1.3
3.6 3.6
1.9 1.9
2.9 2.3
2.4 1.9
2.1 2.1
1.5 1.9
0.26 1.0
2.2 2.7
3.9 3.9
3.3 3.3
1.8 1.8
2.7 2.7
3.3 3.3
2.9 2.9
1.2 1.3
2.8 2.8
2.4 2.4
0.37 15.0
4.1 4.1
2.5 2.5
16.0 16.0
0.045 0.47
2.0 2.0
1.5 1.9
8.6 8.6
3.8 3.8
2.5 2.5
2.3 2.3
0.5 0.57
8.1 4.8
8.3 6.1
5.4 5.55
4.3 4.3
14.0 14.0
7.3 5.6
3.1 3.1
142.0 142.0
4.7 4.7
4.5 6.6
8.2 14.0
0.88 0.88
4.0 4.0
2.5 2.5
13.0 13.0
32.0 32.0
15.0 15.0
2.1 4.9
3.0 5.4
0.89 0.89
1.1 2.4
7.5 7.4
2.6 2.6
0.01 0.17
16.0 16.0
0.43 0.86
0.48 0.48
0.16 0.16
12.0 12.0
130.0 130.0
0.17 0.38
1.1 1.6
5.7 5.4
11.0 10.0
0.12 0.3
1.4 1.4
3.3 2.5
11.0 11.0
3.7 2.35
11.0 11.0
9.3 9.3
3.1 3.1
0.025 0.7
1.7 1.7
0.38 0.38
0.06 0.47
0.8 1.5
3.5 3.5
2.0 2.5
11.0 11.0
0.1 0.1
0.043 0.7
1.7 1.7
29.0 26.0
13.0 13.0
9.8 9.8
11.0 11.0
4.8 10.0
0.9 1.1
14.0 14.0
5.2 5.2
180.0 180.0
9.5 9.5
2.7 3.5
5.3 5.3
1.6 1.6
14.0 14.0
11.0 11.0
15.0 17.5
0.46 1.5
3.5 3.5
9.6 9.6
5.3 1.4
22.0 22.0
1.6 1.8
13.0 6.0
13.0 13.0
8.2 6.0
5.4 5.4
4.0 4.0
12.0 12.0
20.0 17.5
0.33 0.33
1.9 1.9
1.2 1.0
15.0 7.0
0.013 0.01
0.45 1.6
5.6 5.1
290.0 290.0
30.0 30.0
0.94 0.94
8.7 8.7
10.0 10.0
7.0 13.0
1.3 4.7
4.7 4.7
14.0 14.0
13.0 13.0
0.5 2.0
0.79 0.79
0.96 1.1
6.6 6.6
11.0 11.0
29.0 29.0
2.6 2.6
4.7 5.4
2.4 2.4
6.1 6.1
4.9 4.9
2.4 2.4
2.4 2.7
0.31 0.31
2.0 2.0
3.2 3.2
16.0 16.0
1.4 1.4
1.3 1.8
26.0 26.0
1.6 2.1
17.0 17.0
16.0 6.3
5.8 4.7
2.1 2.1
1.3 1.3
2.0 2.0
0.32 0.79
1.2 1.2
2.5 2.5
1.6 2.0
1.7 2.4
5.6 5.6
4.6 4.6
2.8 2.8
12.0 12.0
32.0 32.0
1.0 1.2
0.8 0.8
0.5 2.5
0.56 0.56
0.82 2.0
9.1 9.1
4.5 4.5
7.8 12.0
3.4 3.4
85.0 78.0
5.7 3.9
28.0 28.0
11.0 5.1
1.5 1.5
0.13 0.68
1.8 1.8
0.82 0.89
26.0 17.0
24.0 24.0
10.0 10.0
6.4 6.4
1.1 2.4
16.0 16.0
3.3 3.3
3.0 3.0
13.0 13.0
18.0 18.0
6.8 6.8
1.3 1.3
20.0 7.8
18.0 18.0
2.0 2.0
1.9 1.9
1.4 2.0
2.4 2.4
2.3 2.3
7.0 7.0
140.0 140.0
1.3 1.4
56.0 56.0
31.0 31.0
0.07 0.12
26.0 26.0
5.1 5.1
10.0 10.0
1.4 1.4
19.0 19.0
6.7 6.7
9.2 9.2
1.6 1.6
0.35 0.35
2.7 2.7
18.0 18.0
23.0 26.0
1.9 1.9
4.8 4.7
4.4 4.4
0.57 0.57
2.0 2.0
23.0 23.0
1.9 2.5
9.9 9.9
1.8 1.8
3.8 3.8
16.0 16.0
2.1 2.1
1.8 3.4
1.2 1.2
1.3 1.3
1.0 1.1
16.0 16.0
4.0 4.0
8.2 8.2
7.2 7.2
1.0 2.35
14.0 14.0
15.0 15.0
15.0 8.9
16.0 16.0
1.9 1.9
0.12 0.19
46.0 46.0
7.0 7.0
2.5 2.5
4.9 4.9
6.8 6.8
0.6 0.69
28.0 28.0
15.0 15.0
3.9 3.9
7.4 7.4
1.7 2.1
4.4 4.4
6.6 4.2
3.7 3.7
12.0 12.0
2.1 2.1
3.5 11.0
22.0 22.0
20.0 20.0
0.55 0.55
6.1 2.9
6.4 6.4
5.7 5.7
1.2 1.2
1.4 1.4
13.0 13.0
2.7 2.4
0.85 2.4
8.3 8.3
2.1 2.7
4.0 7.8
0.17 0.21
5.3 5.3
1.7 1.7
6.2 6.2
1.2 1.2
8.0 8.0
7.9 7.9
5.2 5.2
10.0 10.0
0.68 1.3
26.0 26.0
0.72 1.1
2.4 2.7
11.0 10.0
2.9 2.9
3.3 3.3
22.0 22.0
15.0 16.0
23.0 18.0
57.0 22.0
6.4 5.8
6.6 6.6
1.8 1.8
14.0 14.0
7.5 7.5
12.0 12.0
81.0 81.0
9.2 9.2
0.55 1.5
0.3 0.33
11.0 11.0
18.0 18.0
7.3 7.3
15.0 15.0
15.0 15.0
0.86 0.86
25.0 25.0
9.7 9.7
9.8 9.8
0.4 2.1
22.0 22.0
9.9 9.9
10.0 10.0
2.5 2.5
2.6 2.6
1.2 2.4
8.4 8.4
5.8 5.8
4.8 4.8
6.3 6.3
1.1 1.1
1.8 2.4
5.1 5.1
6.1 6.1
2.0 1.5
6.4 6.4
2.6 2.6
2.5 4.5
1.5 1.5
2.6 2.6
2.2 4.7
11.0 11.0
0.89 0.89
18.0 18.0
2.0 2.0
8.4 4.7
6.9 3.8
74.0 74.0
23.0 23.0
0.47 0.47
39.0 16.0
1.7 1.7
27.0 27.0
21.0 21.0
5.1 5.1
4.2 4.0
0.063 0.47
6.8 4.2
14.0 9.1
7.7 7.7
4.0 2.7
3.0 3.0
3.1 3.9
7.8 7.8
1.8 1.8
0.0047 0.03
14.0 12.0
4.7 3.9
2.9 2.5
2.5 2.5
29.0 29.0
5.8 5.8
0.25 0.6
10.0 10.0
16.0 16.0
0.86 1.4
14.0 14.0
14.0 14.0
16.0 16.0
36.0 36.0
15.0 15.0
12.0 12.0
3.1 6.2
0.62 0.93
9.6 9.6
0.052 0.21
5.1 5.1
0.93 0.93
4.0 1.9
1.9 1.9
16.0 16.0
4.0 4.0
9.6 9.6
40.0 40.0
0.82 3.7
4.5 4.5
37.0 37.0
1.7 4.0
7.8 3.7
2.2 0.96
5.2 5.2
1.5 1.5
2.4 2.4
3.5 3.5
1.5 1.5
5.4 5.4
31.0 31.0
12.0 11.0
16.0 16.0
3.7 3.7
0.97 0.97
7.4 5.6
5.5 5.5
0.082 0.48
0.65 0.94
11.0 9.4
14.0 14.0
13.0 13.0
16.0 16.0
20.0 20.0
3.7 3.7
9.1 9.1
1.0 1.4
3.7 3.7
6.0 6.0
2.1 2.1
2.0 2.5
2.7 2.7
0.99 3.4
1.2 1.2
8.2 8.2
0.78 1.4
15.0 15.0
5.1 5.1
1.6 1.68
0.55 0.55
0.36 0.48
0.34 1.4
0.3 0.3
19.0 19.0
0.76 0.76
0.0057 0.03
56.0 56.0
0.7 0.7
4.9 4.9
0.62 0.62
18.0 18.0
0.2 0.2
0.2 1.3
14.0 14.0
8.4 8.4
3.6 3.6
7.7 7.7
0.19 0.3
3.1 3.1
0.03 0.04
1.1 1.1
3.4 3.4
1.1 10.0
0.039 0.5
1.5 1.5
8.1 8.1
3.4 3.4
0.86 1.4
8.2 6.0
6.7 5.1
1.6 1.6
2.4 4.6
1.8 1.9
3.8 3.8
16.0 16.0
8.5 8.5
0.6 0.6
8.9 18.0
4.3 4.3
11.0 11.0
1.6 1.6
2.2 5.8
14.0 14.0
0.21 0.3
1.9 1.9
11.0 11.0
8.4 8.4
1.9 1.9
27.0 16.0
13.0 13.0
0.53 2.1
12.0 12.0
6.5 10.0
2.4 2.4
27.0 27.0
1.4 2.35
9.4 9.4
63.0 22.0
3.0 3.0
0.96 1.9
2.1 2.1
0.77 0.77
16.0 13.0
26.0 26.0
1.7 2.9
1.4 2.8
2.4 2.4
3.4 3.4
6.0 6.0
3.1 3.1
0.16 0.16
0.49 0.76
2.6 2.6
1.3 1.3
13.0 9.7
4.5 4.5
14.0 14.0
18.0 18.0
0.68 1.3
2.1 2.5
3.1 3.1
2.0 3.1
2.2 2.2
20.0 3.1
8.3 8.3
28.0 37.0
0.055 0.35
3.0 3.0
5.6 5.6
16.0 16.0
1.6 1.6
25.0 25.0
5.1 5.1
2.2 2.2
6.7 6.7
4.3 4.3
5.3 14.0
3.3 3.3
0.67 1.2
