1.1 1.1
7.6 7.6
2.4 2.4
2.8 2.8
7.9 6.42814285714
3.3 4.58457142857
9.5 9.5
3.0 3.0
26.0 26.0
0.3 3.08357142857
12.0 12.0
2.5 2.5
1.9 1.9
2.6 2.6
4.1 4.1
4.1 4.1
1.9 1.9
4.2 4.2
4.0 4.0
0.88 0.88
4.2 4.2
2.1 2.1
18.0 18.0
3.6 3.6
23.0 23.0
1.0 1.0
2.4 8.84214285714
0.59 3.11242857143
620.0 620.0
24.0 24.0
40.0 40.0
1.3 1.3
10.0 10.0
1.3 1.3
2.4 2.4
6.2 22.44
1.9 1.9
45.0 45.0
20.0 20.0
16.0 16.0
0.57 0.57
98.0 98.0
0.32 6.51896428571
6.3 6.3
1.5 1.5
67.0 67.0
0.29 0.36
7.2 7.2
0.22 0.22
14.0 14.0
27.0 24.7452857143
100.0 100.0
57.0 57.0
1.7 1.7
2.1 2.1
1.4 1.4
5.9 5.9
0.1 14.2923571429
7.5 7.5
7.9 7.9
0.51 0.51
24.0 24.0
2.0 2.0
1.3 1.3
4.0 4.0
17.0 17.0
8.8 8.8
11.0 11.0
1.4 1.4
8.8 8.8
2.3 2.3
28.0 28.0
1.5 1.5
4.0 8.27857142857
6.0 6.0
3.2 3.2
3.9 3.9
3.2 5.76792857143
1.1 1.1
2.5 10.1694642857
3.3 5.66764285714
4.9 4.9
5.3 5.3
7.5 9.09307142857
1.0 1.0
1.5 1.5
0.26 0.26
2.0 2.0
2.8 2.8
15.0 30.2438571429
1.5 1.5
0.75 0.75
1.1 1.1
2.2 2.2
0.83 0.83
2.1 2.1
2.5 2.5
3.9 3.9
1.5 1.5
1.5 1.5
2.2 2.2
4.3 4.3
1.2 1.2
5.2 5.2
0.79 0.79
2.1 2.1
1.2 2.654
2.2 2.2
1.6 1.6
3.0 2.73471428571
5.4 5.4
1.1 1.229
0.89 0.89
2.3 2.3
0.65 0.65
0.8 0.8
1.1 1.1
1.8 9.69710714286
5.4 5.4
1.5 1.5
6.5 6.5
11.0 11.0
740.0 394.107071429
22.0 22.0
10.0 10.0
70.0 70.0
7.4 7.4
43.0 43.0
7.8 7.8
0.35 0.35
3.3 3.3
1.1 1.1
8.5 8.5
2.5 2.5
4.2 4.2
0.43 0.36
47.0 47.0
9.2 9.2
3.4 3.4
1.0 4.82042857143
0.07 12.3850357143
6.7 6.7
2.9 2.9
26.0 26.0
55.0 55.0
14.0 14.0
11.0 11.0
2.0 2.0
1.0 1.0
3.9 6.21785714286
49.0 49.0
4.2 4.2
21.0 21.0
11.0 10.2
7.3 19.37
7.8 7.8
230.0 230.0
0.41 0.41
14.0 16.41875
29.0 29.0
9.2 9.2
3.6 52.3378571429
0.59 5.55928571429
220.0 220.0
17.0 10.45
21.0 21.0
23.0 23.0
63.0 63.0
3.6 3.6
4.7 7.9
18.0 18.0
0.79 2.395
2.5 2.5
15.0 9.26835714286
3.0 3.0
45.0 52.9687857143
2.6 27.8152142857
44.0 114.091214286
58.0 58.0
2.7 2.7
1.0 1.0
0.92 0.92
1.2 1.2
14.0 14.0
170.0 170.0
40.0 40.0
2.8 3.15
5.3 9.60535714286
11.0 11.0
1.9 1.9
1.5 1.5
9.6 9.6
2.5 30.9067857143
11.0 13.1313571429
0.19 0.19
6.0 6.0
1.4 1.4
3.7 3.7
14.0 14.0
15.0 15.0
0.46 0.46
24.0 38.0
25.0 12.4828571429
9.0 9.0
1.9 1.9
5.0 37.4950714286
1.5 1.5
4.0 4.0
2.8 14.2321428571
2.7 2.7
2.3 2.3
6.2 6.2
2.6 2.6
0.38 0.38
38.0 38.0
27.0 27.0
1.5 9.25732142857
2.4 26.134
4.0 11.2092857143
62.0 62.0
4.4 4.4
2.8 2.8
0.07 0.07
0.7 0.7
2.1 10.6521071429
0.5 15.9592142857
2.7 2.7
11.0 11.0
7.8 8.78785714286
8.2 8.2
2.5 2.5
2.9 2.9
6.0 6.0
32.0 32.0
7.6 7.6
3.0 3.0
6.7 6.7
0.69 0.69
19.0 19.0
3.2 18.5171428571
7.6 7.6
4.0 4.0
21.0 21.0
11.0 11.0
1.3 1.3
40.0 40.0
5.7 5.7
12.0 12.0
1.0 1.0
23.0 38.8887857143
1.8 1.8
0.15 5.42364285714
11.0 11.0
3.9 7.10307142857
0.44 0.44
0.8 8.2615
4.0 4.0
2.0 2.0
2.7 2.7
6.8 6.8
1.2 1.2
22.0 22.0
1.3 1.3
7.0 7.0
6.8 6.8
3.7 3.7
11.0 11.0
32.0 32.0
0.81 0.81
5.5 5.5
9.6 22.7157857143
6.3 6.3
4.8 4.8
1.6 1.6
6.7 6.7
22.0 22.0
36.0 36.0
5.4 5.4
0.29 0.29
1.9 1.9
2.6 2.6
1300.0 1300.0
4.8 6.30771428571
32.0 32.0
5.1 26.6512857143
3.0 3.0
7.7 7.7
26.0 26.0
5.5 5.5
11.0 11.0
9.4 10.2
0.39 12.9189642857
20.0 20.0
1.3 1.3
15.0 8.8
0.76 0.76
0.086 40.1778571429
1.2 1.2
4.1 4.1
11.0 11.0
1.3 9.52792857143
2.5 2.5
2.6 2.6
1.2 30.5896785714
6.8 6.8
8.3 8.3
0.4 16.6406428571
4.1 4.1
0.43 7.55928571429
1.0 15.4253571429
44.0 44.0
1.0 1.0
24.0 24.0
18.0 5.31507142857
3.1 3.1
2.5 2.5
9.7 9.7
0.87 4.48564285714
1.4 1.4
5.2 5.2
1.1 1.1
11.0 11.0
3.5 3.15
2.5 2.5
4.4 4.4
1.1 1.1
59.0 59.0
3.1 3.1
1.2 1.2
11.0 11.0
21.0 21.0
14.0 20.4261428571
1.1 1.1
1.9 1.9
7.5 7.5
5.4 5.4
12.0 12.0
7.9 5.72057142857
22.0 22.0
6.9 6.9
6.7 6.7
0.75 8.84639285714
1.3 1.3
4.0 2.395
54.0 54.0
11.0 11.0
1.3 1.3
8.2 8.2
2.0 2.0
21.0 21.0
5.0 5.0
1.1 1.1
17.0 17.0
6.4 6.4
2.5 2.5
19.0 7.89964285714
2.0 2.0
1.1 3.78792857143
1.3 1.3
1.4 1.4
43.0 43.0
16.0 16.0
0.8 0.8
3.8 3.8
1.5 5.16128571429
3.4 3.4
3.3 3.3
2.0 2.0
0.67 0.67
4.5 4.5
3.5 3.5
29.0 29.0
9.4 9.4
5.6 5.6
19.0 19.0
4.0 4.0
1.0 33.6828928571
7.8 7.8
12.0 12.0
0.71 0.71
13.0 13.0
21.0 21.0
3.5 3.5
2.7 2.7
0.67 0.67
22.0 22.0
8.8 16.0453571429
25.0 25.0
0.87 0.87
1.8 1.8
3.8 3.8
1.5 4.51792857143
3.9 3.9
9.7 9.7
2.7 2.7
11.0 11.0
1.1 1.1
3.5 3.5
9.1 6.31257142857
1.2 1.2
2.2 2.2
0.94 0.94
6.1 6.1
1.4 1.4
13.0 13.672
1.1 1.1
8.1 8.1
1.0 1.0
1.3 1.3
2.2 2.2
81.0 81.0
1.5 1.5
2.4 2.4
1.8 5.47889285714
1.2 1.2
6.5 6.5
33.0 33.0
4.1 7.04882142857
0.98 12.007
1.7 1.7
17.0 8.77328571429
4.5 4.5
4.2 4.2
37.0 37.0
11.0 11.0
1.9 1.9
0.97 0.97
0.48 0.48
5.2 5.2
1.3 2.05303571429
0.5 0.5
8.9 8.9
4.9 4.9
2.7 2.7
6.8 6.8
12.0 12.0
7.8 30.106
40.0 40.0
12.0 25.0954285714
2.2 2.16835714286
1.2 1.2
1.9 7.94335714286
1.4 1.4
7.7 7.7
17.0 17.0
13.0 13.0
2.4 2.4
0.58 2.02464285714
12.0 12.0
2.5 2.5
32.0 31.0844285714
0.77 0.77
7.6 7.6
11.0 11.0
1.1 1.1
23.0 23.0
1.2 1.2
140.0 140.0
1.0 1.0
2.2 2.2
2.6 2.6
1.1 1.1
1.9 1.9
0.91 0.91
10.0 10.0
13.0 13.0
960.0 960.0
0.59 0.59
2.6 2.6
4.8 4.8
3.8 4.69478571429
2.2 4.99785714286
11.0 11.0
8.7 8.7
3.7 3.7
23.0 16.3092857143
14.0 14.0
9.6 16.9342857143
17.0 17.0
2.2 2.2
2.2 2.2
13.0 25.2267142857
4.3 4.3
1.8 1.8
15.0 36.2087142857
1.8 1.8
140.0 140.0
150.0 150.0
2.3 2.3
12.0 14.0
16.0 14.0
0.7 0.7
0.92 0.92
2.1 2.1
0.67 0.67
13.0 13.0
5.2 5.2
0.18 0.18
6.4 6.4
0.75 16.2710357143
1.6 18.6471071429
45.0 45.0
2.8 2.8
65.0 65.0
4.6 4.6
70.0 18.7835714286
3.4 3.4
2.4 2.4
1.9 1.9
2.0 22.1504285714
0.95 3.56621428571
9.3 34.0791428571
2.6 2.6
2.3 2.3
43.0 43.0
5.1 5.1
2.6 2.6
14.0 14.0
4.6 4.6
3.2 3.2
1.6 1.6
3.7 3.7
2.6 2.6
3.2 3.2
6.7 13.9507142857
7.8 14.3733571429
65.0 6.7
11.0 11.0
24.0 24.0
2.2 2.2
3.2 3.2
1.4 1.4
7.3 7.3
10.0 10.0
1.0 1.0
1.6 1.6
8.8 8.8
14.0 14.0
5.9 5.9
9.4 36.4954285714
1.5 1.5
0.88 0.88
1400.0 788.864285714
3.3 7.63935714286
27.0 64.4003571429
11.0 11.0
5.6 16.6616428571
4.9 4.9
140.0 203.885714286
9.2 9.2
3.6 3.6
11.0 11.0
2.3 2.3
10.0 10.0
37.0 37.0
3.8 6.01178571429
92.0 92.0
15.0 15.0
7.4 7.4
81.0 81.0
56.0 56.0
12.0 12.3842857143
0.58 0.58
4.3 4.3
9.9 9.9
2.4 2.4
4.0 4.0
12.0 12.0
7.6 7.6
1.5 1.5
53.0 53.0
4.2 4.2
3.0 3.0
16.0 16.0
1.0 1.0
1.8 1.8
3.6 11.0825714286
2.4 2.4
14.0 14.0
4.8 4.8
9.5 69.0153571429
1.1 34.3357142857
2.3 2.3
3.0 23.2492857143
2.0 2.0
39.0 33.1128571429
2.3 2.3
6.6 6.6
35.0 35.0
7.2 5.89357142857
2.6 7.73214285714
2.6 2.6
6.2 6.2
2.5 5.852
3.4 3.4
3.2 3.2
3.1 3.1
12.0 12.0
17.0 17.0
17.0 17.0
6.3 6.3
6.9 2.94257142857
15.0 15.0
6.9 6.9
2.2 2.2
2.2 2.2
4.0 6.08964285714
15.0 4.70835714286
7.5 7.5
12.0 12.0
6.9 6.9
3.8 3.8
1.1 11.66525
5.2 5.2
3.4 3.4
2.7 2.7
5.8 5.8
150.0 150.0
20.0 114.832
38.0 38.0
18.0 67.1227857143
4.4 17.5430714286
0.3 0.3
39.0 39.0
3.6 3.6
1.6 1.6
1.4 17.4825714286
2.4 2.4
1.2 1.2
3.3 3.3
4.5 18.4668571429
4.6 6.08171428571
2.1 2.1
0.6 0.6
6.6 6.6
33.0 33.0
