1.0 10.0
5.9 20.0
2.7 13.0
3.5 11.0
6.4 6.6
2.5 10.0
13.0 10.0
5.5 10.0
18.0 22.0
0.26 8.8
9.9 10.0
2.5 10.0
1.6 10.0
2.1 11.0
2.4 10.0
3.6 22.0
1.6 11.0
4.8 10.0
2.8 10.0
0.8 10.0
3.4 8.6
1.6 10.0
12.0 14.0
2.5 10.0
16.0 16.0
1.1 8.8
2.4 22.0
0.61 10.0
820.0 820.0
17.0 16.0
34.0 10.0
1.1 13.0
7.3 16.0
1.4 11.0
2.0 10.0
4.7 13.0
2.4 20.0
40.0 17.0
12.0 16.0
13.0 20.0
0.4 13.0
75.0 22.0
0.22 11.0
6.1 10.0
5.2 20.0
63.0 22.0
0.31 26.0
4.1 8.6
0.36 10.0
17.0 8.6
22.0 22.0
79.0 8.6
69.0 25.0
1.2 13.0
1.5 10.0
2.6 11.0
9.4 13.0
0.5 8.6
5.8 20.0
5.6 10.0
0.59 8.8
17.0 10.0
1.9 11.0
1.1 10.0
3.2 8.8
24.0 22.0
8.6 16.0
10.0 10.0
1.6 20.0
18.0 16.0
4.1 20.0
21.0 6.6
2.6 10.0
2.9 10.0
4.8 13.0
2.8 8.0
3.3 10.0
2.3 14.0
1.2 10.0
2.0 10.0
3.1 10.0
3.2 8.0
4.8 16.0
4.9 10.0
2.0 10.0
1.1 10.0
0.37 6.5
1.6 13.0
2.4 22.0
27.0 25.0
1.1 13.0
0.75 13.0
1.2 22.0
1.7 16.0
1.0 13.0
1.9 11.0
2.1 13.0
3.2 13.0
1.5 10.0
4.2 11.0
1.8 13.0
3.0 13.0
1.2 13.0
4.5 8.8
0.81 13.0
1.7 13.0
1.2 16.0
1.8 13.0
1.5 13.0
3.3 13.0
8.6 13.0
1.1 13.0
0.57 10.0
1.5 13.0
0.95 13.0
1.2 11.0
0.85 10.0
1.8 13.0
12.0 26.0
1.1 8.6
4.6 10.0
8.3 14.0
570.0 570.0
22.0 22.0
11.0 16.0
46.0 10.0
7.0 13.0
36.0 10.0
7.3 16.0
1.1 8.8
2.6 8.8
0.86 10.0
7.9 10.0
2.2 10.0
3.8 13.0
0.42 26.0
33.0 18.0
16.0 13.0
2.8 13.0
0.9 8.8
0.3 13.0
5.4 13.0
2.1 13.0
26.0 46.0
38.0 10.0
7.6 11.0
10.0 22.0
1.5 8.6
0.76 6.5
4.0 10.0
58.0 11.0
6.7 13.0
17.0 10.0
8.0 8.6
7.3 18.0
6.2 10.0
170.0 46.0
0.74 13.0
10.0 10.0
22.0 10.0
8.1 25.0
3.6 22.0
0.58 10.0
200.0 10.0
12.0 13.0
34.0 22.0
22.0 20.0
46.0 10.0
3.0 25.0
3.7 10.0
14.0 16.0
1.2 10.0
2.2 16.0
22.0 22.0
2.5 10.0
60.0 26.0
1.8 8.0
42.0 10.0
48.0 6.6
2.4 25.0
1.4 10.0
0.88 10.0
1.4 10.0
10.0 6.5
180.0 13.0
38.0 13.0
3.3 13.0
5.6 10.0
9.3 22.0
1.5 8.6
1.7 10.0
7.0 10.0
11.0 13.0
8.1 13.0
0.13 8.6
7.5 14.0
1.7 26.0
4.1 22.0
10.0 13.0
15.0 16.0
0.35 10.0
32.0 13.0
14.0 16.0
9.3 20.0
1.8 16.0
4.2 22.0
4.7 10.0
39.0 8.8
2.6 11.0
5.6 8.0
2.2 11.0
5.1 13.0
1.8 10.0
2.4 10.0
36.0 13.0
27.0 13.0
2.1 22.0
4.2 25.0
2.1 13.0
51.0 25.0
3.8 13.0
2.0 13.0
0.15 8.8
1.7 10.0
2.4 13.0
0.5 6.5
3.1 16.0
9.7 10.0
9.3 13.0
8.4 13.0
2.2 16.0
3.5 10.0
5.7 11.0
26.0 16.0
6.7 13.0
2.8 13.0
10.0 10.0
0.87 13.0
14.0 10.0
3.0 22.0
6.0 6.6
5.2 20.0
12.0 10.0
8.6 16.0
1.4 13.0
30.0 13.0
4.2 10.0
11.0 13.0
0.78 6.5
25.0 8.6
1.6 13.0
0.12 8.8
8.5 10.0
6.0 13.0
0.7 20.0
1.3 17.0
4.7 10.0
2.1 13.0
1.9 10.0
9.4 10.0
1.5 10.0
24.0 15.0
2.5 10.0
5.3 10.0
5.3 8.6
3.7 13.0
10.0 13.0
34.0 25.0
1.0 10.0
4.7 22.0
10.0 10.0
10.0 13.0
3.3 13.0
2.2 20.0
5.2 10.0
15.0 11.0
35.0 22.0
4.9 6.5
1.0 10.0
1.6 10.0
2.3 8.6
850.0 850.0
3.4 10.0
42.0 22.0
14.0 10.0
1.6 10.0
7.0 10.0
16.0 13.0
4.2 10.0
22.0 13.0
6.6 8.6
0.57 8.6
22.0 20.0
0.95 10.0
16.0 20.0
1.0 22.0
0.065 26.0
1.4 10.0
4.3 13.0
19.0 17.0
1.5 22.0
2.1 13.0
2.6 18.0
1.3 10.0
14.0 13.0
9.0 13.0
0.3 10.0
24.0 22.0
0.41 10.0
1.7 16.0
33.0 8.6
3.3 13.0
25.0 22.0
17.0 13.0
2.1 22.0
2.8 16.0
12.0 12.0
2.3 10.0
2.1 6.5
5.1 6.6
1.3 13.0
32.0 45.0
4.4 13.0
2.1 13.0
9.1 10.0
1.0 22.0
45.0 10.0
2.9 18.0
1.3 10.0
8.8 16.0
30.0 22.0
9.4 10.0
1.1 8.8
1.6 10.0
5.6 13.0
4.5 8.6
42.0 13.0
7.8 10.0
17.0 6.5
6.5 22.0
4.9 6.6
1.8 20.0
1.4 8.0
5.2 10.0
51.0 46.0
37.0 22.0
1.1 10.0
11.0 16.0
1.6 25.0
18.0 10.0
3.9 16.0
1.0 10.0
21.0 17.0
7.9 16.0
2.0 10.0
14.0 10.0
1.7 16.0
1.0 10.0
1.0 11.0
1.7 16.0
31.0 22.0
12.0 16.0
0.64 13.0
2.4 10.0
1.6 6.5
3.9 22.0
5.9 10.0
2.5 10.0
0.65 10.0
4.8 10.0
2.3 10.0
32.0 22.0
7.2 10.0
5.1 26.0
20.0 10.0
3.6 10.0
1.3 10.0
7.1 11.0
9.9 16.0
1.2 10.0
13.0 13.0
16.0 18.0
3.1 16.0
2.3 13.0
0.8 8.0
17.0 13.0
15.0 16.0
53.0 25.0
0.83 20.0
1.5 10.0
5.0 22.0
2.0 10.0
2.9 13.0
8.2 11.0
2.2 10.0
9.2 13.0
0.7 11.0
3.7 10.0
8.8 10.0
1.1 10.0
1.9 10.0
1.9 18.0
6.6 16.0
1.5 8.6
10.0 11.0
1.2 14.0
5.0 20.0
0.5 13.0
1.3 16.0
3.2 20.0
53.0 10.0
4.1 13.0
2.0 16.0
1.9 13.0
1.3 13.0
11.0 13.0
26.0 10.0
8.2 13.0
0.97 10.0
1.5 16.0
14.0 13.0
6.5 18.0
4.4 10.0
30.0 16.0
8.9 16.0
2.5 26.0
0.9 10.0
0.58 13.0
3.4 10.0
1.8 10.0
0.7 13.0
6.7 5.3
7.5 8.8
7.2 8.4
5.5 8.6
10.0 17.0
11.0 18.0
39.0 16.0
32.0 10.0
1.9 13.0
0.96 8.8
1.9 22.0
1.8 13.0
5.3 13.0
13.0 16.0
11.0 11.0
2.1 13.0
0.7 10.0
25.0 25.0
2.5 16.0
22.0 6.6
1.2 6.6
29.0 10.0
9.4 17.0
0.92 10.0
16.0 20.0
0.91 10.0
99.0 6.6
0.84 10.0
1.8 10.0
2.2 16.0
0.96 8.8
1.9 10.0
1.3 10.0
8.0 13.0
8.4 22.0
730.0 730.0
0.78 10.0
2.0 13.0
3.4 10.0
2.9 8.8
1.8 10.0
7.1 6.5
5.9 6.6
3.1 10.0
9.0 22.0
12.0 20.0
7.9 16.0
14.0 16.0
2.1 8.6
3.2 16.0
18.0 22.0
3.4 10.0
1.3 10.0
20.0 20.0
1.5 10.0
140.0 10.0
120.0 120.0
2.3 16.0
6.6 13.0
11.0 13.0
0.87 25.0
1.0 16.0
2.1 16.0
0.68 20.0
10.0 16.0
5.0 10.0
0.8 8.0
5.5 8.6
0.87 13.0
1.2 10.0
45.0 10.0
2.5 25.0
37.0 37.0
3.8 25.0
200.0 10.0
3.2 22.0
2.6 10.0
1.4 10.0
2.2 11.0
1.6 8.0
8.8 25.0
11.0 13.0
2.2 10.0
31.0 10.0
3.9 10.0
2.0 10.0
20.0 18.0
13.0 26.0
4.5 8.6
1.3 16.0
3.8 10.0
3.9 13.0
2.4 25.0
6.6 13.0
12.0 12.0
52.0 22.0
6.3 10.0
20.0 16.0
1.8 17.0
9.5 26.0
1.4 8.8
4.3 18.0
14.0 10.0
1.1 8.8
1.2 11.0
7.0 10.0
9.8 10.0
6.2 13.0
7.4 10.0
1.7 10.0
2.1 10.0
1200.0 730.0
3.3 16.0
26.0 13.0
11.0 13.0
6.8 13.0
11.0 13.0
150.0 45.0
6.7 37.0
12.0 13.0
20.0 20.0
1.5 10.0
18.0 26.0
16.0 13.0
5.8 10.0
67.0 8.6
9.0 11.0
15.0 10.0
56.0 22.0
45.0 10.0
9.4 16.0
3.8 16.0
4.7 8.8
7.2 10.0
2.0 8.0
2.7 8.6
10.0 20.0
5.9 11.0
1.0 13.0
48.0 25.0
5.0 16.0
2.2 10.0
13.0 10.0
0.78 16.0
1.6 13.0
2.4 10.0
2.0 22.0
12.0 8.8
2.5 13.0
7.0 10.0
1.1 13.0
1.6 6.6
2.4 22.0
1.7 17.0
45.0 45.0
2.3 22.0
5.1 10.0
44.0 26.0
5.8 11.0
2.3 10.0
3.7 17.0
7.3 13.0
2.4 8.6
4.3 13.0
2.7 16.0
3.1 13.0
9.6 10.0
17.0 16.0
23.0 46.0
5.6 13.0
11.0 17.0
11.0 20.0
82.0 10.0
2.0 120.0
1.4 10.0
3.5 10.0
12.0 10.0
9.5 13.0
10.0 25.0
6.5 26.0
4.5 13.0
1.4 8.6
5.0 11.0
2.8 10.0
2.3 13.0
4.1 10.0
67.0 26.0
23.0 37.0
35.0 26.0
26.0 37.0
5.6 10.0
0.76 8.0
29.0 10.0
7.7 16.0
1.2 10.0
1.1 6.6
1.7 13.0
1.3 10.0
3.1 13.0
11.0 10.0
3.6 10.0
1.7 10.0
0.78 13.0
5.2 13.0
35.0 18.0
