1 101.88 3.0 1.7465 286.33232 0.0 0.0 24.0 21.0 6.0 7.0 13.0 1.0 80.4039 10.0 0 0 
5.9 80.32 2.0 3.4794 396.45954 0.0 0.0 33.0 30.0 7.0 6.0 16.0 0.0 117.4911 17.0 1 0 
2.7 325.75 14.0 -9.5907 646.61276 0.0 0.0 49.0 46.0 20.0 18.0 48.0 1.0 137.9468 0.0 1 0 
3.5 92.24 3.0 1.4123 337.43386 0.0 0.0 26.0 26.0 7.0 5.0 18.0 2.0 96.3114 6.0 1 0 
6.4 62.64 3.0 0.7634 278.36996 0.0 0.0 21.0 21.0 5.0 4.0 13.0 2.0 81.9396 6.0 1 0 
2.5 49.33 2.0 1.4236 151.16256 0.0 0.0 11.0 11.0 3.0 3.0 4.0 1.0 42.7777 6.0 0 0 
13 151.66 2.0 0.998 222.24544 0.0 0.0 13.0 13.0 7.0 8.0 5.0 3.0 45.2161 5.0 0 0 
5.5 108.03 2.0 -1.4383 162.18692 0.0 0.0 9.0 10.0 4.0 5.0 7.0 2.0 36.9092 0.0 0 1 
18 30.74 1.0 3.2375 354.50568 0.0 0.0 28.0 27.0 3.0 2.0 15.0 1.0 109.2867 12.0 1 0 
0.26 66.43 0.0 -0.0246 179.14948 0.0 0.0 13.0 13.0 3.0 4.0 5.0 2.0 42.958 6.0 0 1 
9.9 89.36 1.0 -2.8764 178.57368 0.0 0.0 14.0 14.0 6.0 4.0 12.0 2.0 40.7216 0.0 1 1 
2.5 119.05 3.0 -0.7506 225.20464 0.0 0.0 18.0 17.0 7.0 7.0 7.0 1.0 55.6759 10.0 0 0 
1.6 151.85 1.0 1.0179 271.169861 0.0 0.0 19.0 18.0 6.0 9.0 8.0 1.0 59.6109 10.0 0 2 
2.1 47.51 1.0 1.3518 352.84066 0.0 0.0 29.0 26.0 4.0 4.0 11.0 1.0 104.4187 17.0 1 0 
2.4 77.3 4.0 0.2798 240.31868 0.0 0.0 19.0 19.0 5.0 3.0 13.0 0.0 68.853 6.0 1 0 
3.6 46.94 2.0 5.5232 666.8934 0.0 0.0 60.0 50.0 4.0 4.0 42.0 6.0 215.9236 12.0 2 0 
1.6 86.69 1.0 1.536 417.52512 0.0 0.0 33.0 31.0 7.0 8.0 20.0 2.0 120.3937 11.0 1 0 
4.8 111.83 2.0 2.3228 389.44878 0.0 0.0 30.0 28.0 9.0 9.0 18.0 1.0 106.7551 11.0 0 0 
2.8 84.34 3.0 1.8897 316.37818 0.0 0.0 27.0 25.0 7.0 5.0 15.0 2.0 92.2116 10.0 1 0 
0.8 74.43 2.0 -0.3538 136.11146 0.0 0.0 13.0 12.0 5.0 3.0 2.0 1.0 34.5094 10.0 0 0 
3.4 65.99 2.0 1.7992 336.47224 0.0 0.0 27.0 25.0 5.0 3.0 15.0 2.0 99.6944 10.0 1 0 
1.6 53.92 1.0 2.3462 294.35102 0.0 0.0 26.0 23.0 4.0 4.0 10.0 1.0 89.4632 15.0 0 0 
12 43.07 0.0 3.0157 308.76492 0.0 0.0 25.0 22.0 3.0 4.0 7.0 1.0 90.651 17.0 0 0 
2.5 46.07 2.0 1.1266 250.35656 0.0 0.0 20.0 20.0 4.0 2.0 13.0 1.0 76.2962 6.0 1 0 
16 27.64 1.0 1.1971 152.25662 0.0 0.0 16.0 14.0 3.0 0.0 16.0 0.0 47.8451 0.0 1 0 
1.1 102.95 1.0 -1.9721 325.42642 0.0 0.0 25.0 23.0 6.0 6.0 22.0 3.0 93.5112 0.0 1 1 
2.4 338.42 13.0 -10.9005 589.63428 0.0 0.0 54.0 52.0 26.0 14.0 53.0 1.0 134.0225 0.0 4 0 
0.61 86.38 2.0 -0.0809 152.12744 0.0 0.0 11.0 11.0 3.0 4.0 4.0 1.0 37.8864 6.0 0 1 
820 43.88 1.0 5.5191 646.31954 0.0 0.0 34.0 32.0 3.0 3.0 17.0 1.0 145.5902 16.0 1 0 
17 4.44 1.0 2.7515 278.41126 0.0 0.0 24.0 22.0 1.0 0.0 11.0 1.0 92.2197 12.0 1 0 
34 101.5 2.0 1.8783 409.88384 0.0 0.0 32.0 31.0 9.0 6.0 22.0 4.0 110.1838 6.0 1 0 
1.1 162.71 3.0 -1.699 365.40416 0.0 0.0 30.0 28.0 10.0 8.0 21.0 3.0 93.9023 6.0 1 1 
7.3 27.64 1.0 0.8595 136.21416 0.0 0.0 13.0 13.0 3.0 0.0 7.0 0.0 44.9871 6.0 1 0 
1.4 142.48 2.0 -1.4046 349.40476 0.0 0.0 29.0 27.0 9.0 7.0 20.0 3.0 91.8793 6.0 1 1 
2 71.77 2.0 1.6003 187.19796 0.0 0.0 16.0 15.0 4.0 3.0 3.0 1.0 54.6981 12.0 0 0 
4.7 88.7 2.0 5.7385 393.45886 0.0 0.0 31.0 28.0 6.0 5.0 7.0 2.0 113.5544 22.0 0 0 
2.4 117.8 3.0 5.7974 464.53676 0.0 0.0 36.0 33.0 8.0 7.0 11.0 3.0 131.5166 22.0 0 0 
40 377.42 14.0 0.6548 1140.23692 0.0 0.0 88.0 82.0 24.0 24.0 57.0 7.0 316.9704 24.0 0 0 
12 26.93 0.0 1.4844 188.22578 0.0 0.0 15.0 14.0 1.0 3.0 3.0 1.0 56.257 11.0 0 0 
13 84.44 3.0 5.1042 535.4346024 0.0 7.0 43.0 40.0 7.0 4.0 25.0 1.0 119.7821 17.0 1 0 
0.4 190.66 5.0 0.397 508.63414 0.0 0.0 39.0 37.0 11.0 10.0 28.0 5.0 139.2234 6.0 1 1 
75 46.01 2.0 5.2144 449.39332 0.0 0.0 34.0 31.0 5.0 4.0 21.0 1.0 134.2184 12.0 1 0 
0.22 103.35 0.0 1.2677 383.41288 0.0 0.0 30.0 27.0 7.0 8.0 28.0 2.0 90.5215 0.0 0 1 
6.1 89.16 3.0 0.1262 267.34402 0.0 0.0 21.0 21.0 6.0 4.0 14.0 1.0 74.8706 6.0 1 0 
5.2 25.84 1.0 2.6984 256.36268 0.0 0.0 22.0 21.0 3.0 1.0 10.0 0.0 80.8674 12.0 1 0 
63 57.2 0.0 5.3776 365.82952 0.0 0.0 29.0 26.0 2.0 3.0 14.0 3.0 100.0975 12.0 0 1 
0.31 126.44 0.0 7.9831 929.14498 0.0 0.0 72.0 67.0 12.0 12.0 46.0 2.0 267.341 24.0 2 0 
4.1 50.97 2.0 2.083 290.37736 0.0 0.0 24.0 22.0 4.0 3.0 17.0 1.0 85.4705 6.0 1 0 
0.36 143.72 4.0 -2.5868 244.20468 0.0 0.0 18.0 17.0 8.0 9.0 11.0 1.0 53.6428 6.0 0 0 
17 60.47 1.0 1.3712 308.41912 0.0 0.0 25.0 23.0 6.0 5.0 23.0 2.0 96.7744 0.0 1 1 
22 39.33 1.0 4.4496 382.9064 0.0 0.0 31.0 28.0 3.0 3.0 13.0 1.0 116.2297 17.0 1 0 
79 73.8 1.0 3.1915 458.96106 0.0 0.0 36.0 33.0 7.0 7.0 22.0 3.0 140.2567 11.0 1 0 
69 182.48 7.0 0.6357 751.00036 0.0 0.0 56.0 54.0 14.0 12.0 55.0 1.0 202.9984 0.0 2 0 
1.2 176.28 3.0 -0.2541 460.48358 0.0 0.0 35.0 32.0 11.0 12.0 24.0 5.0 122.5356 6.0 0 1 
1.5 243.86 2.0 -0.859 433.4169 0.0 0.0 29.0 28.0 11.0 14.0 18.0 6.0 95.968 5.0 0 2 
2.6 95.92 2.0 1.2027 368.4479 0.0 0.0 28.0 28.0 9.0 7.0 20.0 2.0 99.8842 6.0 1 0 
9.4 112.85 3.0 3.7513 531.66422 0.0 0.0 42.0 39.0 10.0 9.0 33.0 3.0 151.1239 6.0 1 0 
0.5 106.97 1.0 4.0868 521.04218 0.0 0.0 39.0 36.0 7.0 7.0 33.0 6.0 135.7898 0.0 0 0 
5.8 59.56 2.0 4.3331 382.4512032 0.0 1.0 32.0 29.0 4.0 4.0 15.0 1.0 112.0002 16.0 1 0 
5.6 94.83 3.0 1.8957 392.4610632 0.0 1.0 31.0 28.0 5.0 5.0 27.0 4.0 101.9564 0.0 0 0 
0.59 69.23 1.0 -0.0527 192.1913 0.0 0.0 14.0 14.0 3.0 4.0 6.0 2.0 48.8817 6.0 0 1 
17 55.3 2.0 1.3672 308.4357 0.0 0.0 25.0 24.0 5.0 3.0 19.0 0.0 90.1622 6.0 1 0 
1.9 64.53 2.0 1.558 346.44062 0.0 0.0 28.0 27.0 6.0 4.0 16.0 0.0 99.8202 12.0 1 0 
1.1 127.67 1.0 -1.9571 350.39282 0.0 0.0 27.0 24.0 6.0 8.0 19.0 3.0 88.7343 5.0 1 1 
3.2 119.36 2.0 -0.7438 326.29862 0.0 0.0 26.0 23.0 8.0 8.0 23.0 3.0 71.1996 0.0 0 0 
24 24.67 2.0 4.1145 312.469 0.0 0.0 27.0 24.0 2.0 1.0 20.0 1.0 100.7085 6.0 1 0 
8.6 35.18 2.0 2.6829 324.8456 0.0 0.0 26.0 24.0 4.0 2.0 19.0 1.0 97.3139 6.0 2 0 
10 64.53 2.0 1.3397 326.45098 0.0 0.0 25.0 25.0 6.0 4.0 19.0 0.0 93.3612 6.0 1 0 
1.6 129.71 1.0 5.24898 489.61242 1.0 0.0 39.0 35.0 7.0 7.0 14.0 2.0 139.1877 22.0 0 0 
18 124.44 4.0 1.5623 384.2372 0.0 0.0 29.0 28.0 9.0 8.0 15.0 2.0 105.3005 12.0 0 0 
4.1 154.03 2.0 5.3577 551.61406 0.0 0.0 42.0 39.0 11.0 11.0 16.0 2.0 144.9105 24.0 0 0 
21 54.35 1.0 2.2072 316.1527 0.0 0.0 21.0 19.0 4.0 4.0 7.0 2.0 83.5347 12.0 0 0 
2.6 83.22 1.0 2.1359 333.15674 0.0 0.0 21.0 20.0 3.0 4.0 7.0 2.0 78.0234 12.0 0 1 
2.9 68.79 3.0 1.6665 345.25532 0.0 0.0 21.0 21.0 5.0 4.0 14.0 1.0 86.2233 6.0 1 0 
4.8 71.31 0.0 3.8397 393.6887 0.0 0.0 25.0 22.0 3.0 5.0 8.0 1.0 96.228 16.0 0 0 
2.8 93.06 2.0 2.7168 430.53386 0.0 0.0 35.0 31.0 6.0 6.0 31.0 4.0 115.1826 0.0 0 0 
3.3 49.2 1.0 2.9232 308.39264 0.0 0.0 24.0 23.0 5.0 4.0 17.0 1.0 90.6142 6.0 1 0 
2.3 49.98 2.0 2.3905 262.36726 0.0 0.0 22.0 21.0 3.0 2.0 12.0 0.0 80.2472 10.0 1 0 
1.2 129.93 2.0 3.5559 363.40816 0.0 0.0 26.0 25.0 6.0 7.0 11.0 3.0 92.6961 12.0 0 1 
2 93.81 1.0 2.6521 373.44938 0.0 0.0 29.0 27.0 8.0 8.0 17.0 1.0 112.6144 11.0 0 0 
3.1 33.54 2.0 4.1216 289.43566 0.0 0.0 23.0 22.0 3.0 2.0 16.0 1.0 94.8024 6.0 1 0 
3.2 63.36 3.0 4.5659 468.64808 0.0 0.0 41.0 35.0 5.0 4.0 35.0 0.0 137.8045 6.0 1 0 
4.8 44.9 3.0 3.5177 328.4684 0.0 0.0 29.0 25.0 3.0 2.0 23.0 0.0 101.2885 6.0 1 0 
4.9 61.82 0.0 -1.0293 194.1906 0.0 0.0 15.0 14.0 3.0 6.0 3.0 2.0 52.039 10.0 0 0 
2 99.24 1.0 -0.7689 216.27736 0.0 0.0 14.0 14.0 4.0 5.0 12.0 2.0 58.0325 0.0 0 1 
1.1 154.97 1.0 -1.8541 376.38374 0.0 0.0 28.0 26.0 7.0 9.0 18.0 4.0 92.5507 6.0 0 2 
0.37 61.77 1.0 1.5479 214.04986 0.0 0.0 11.0 12.0 5.0 5.0 9.0 2.0 46.7657 0.0 0 0 
1.6 296.18 3.0 -1.8619 464.38788 0.0 0.0 31.0 30.0 14.0 17.0 19.0 7.0 95.5044 5.0 0 2 
2.4 80.32 3.0 2.7118 407.48218 0.0 0.0 36.0 33.0 7.0 4.0 15.0 0.0 119.2509 21.0 1 0 
27 418.23 16.0 -2.7727 1095.329 0.0 0.0 85.0 82.0 28.0 23.0 72.0 7.0 306.959 6.0 2 0 
1.1 162.71 3.0 -1.5722 363.38828 0.0 0.0 30.0 28.0 10.0 8.0 20.0 4.0 93.3903 6.0 1 1 
0.75 203.97 2.0 -1.2315 461.49478 0.0 0.0 34.0 31.0 11.0 13.0 19.0 4.0 112.443 11.0 0 1 
1.2 229.58 4.0 -1.6817 462.50272 0.0 0.0 38.0 35.0 14.0 11.0 23.0 4.0 114.573 11.0 1 1 
1.7 237.76 1.0 -1.642 453.49922 0.0 0.0 32.0 29.0 12.0 15.0 18.0 4.0 104.7482 10.0 0 1 
1 214.39 2.0 0.4049 477.55708 0.0 0.0 34.0 31.0 10.0 12.0 19.0 4.0 118.239 11.0 0 1 
1.9 203.58 2.0 -0.4111 480.56106 0.0 0.0 35.0 32.0 10.0 12.0 25.0 5.0 126.8446 5.0 1 1 
2.1 203.58 2.0 -0.5904 396.42146 0.0 0.0 28.0 26.0 10.0 12.0 18.0 5.0 97.0556 5.0 0 1 
3.2 243.71 2.0 -2.3042 451.43372 0.0 0.0 32.0 30.0 11.0 14.0 20.0 7.0 106.0251 5.0 0 2 
1.5 242.06 1.0 -1.73422 470.52644 1.0 0.0 32.0 30.0 13.0 15.0 22.0 4.0 109.6782 5.0 0 1 
4.2 310.14 2.0 -0.7607 582.65292 0.0 0.0 40.0 37.0 13.0 17.0 24.0 6.0 138.5381 10.0 0 2 
1.8 273.69 3.0 -1.8512 644.65944 0.0 0.0 48.0 44.0 17.0 19.0 30.0 7.0 162.2519 11.0 0 1 
3 251.51 2.0 -3.7676 518.5461 0.0 0.0 41.0 38.0 14.0 14.0 25.0 5.0 124.8488 11.0 1 2 
1.2 229.88 2.0 -1.0472 477.44731 0.0 0.0 32.0 31.0 12.0 14.0 21.0 6.0 107.9546 5.0 1 1 
4.5 326.79 2.0 -3.0378 573.6031 0.0 0.0 39.0 36.0 16.0 19.0 27.0 7.0 127.2831 5.0 0 2 
0.81 204.63 2.0 -0.207 426.44414 0.0 0.0 30.0 28.0 10.0 12.0 20.0 5.0 100.3976 5.0 0 1 
1.7 207.46 2.0 -0.1339 514.57728 0.0 0.0 39.0 35.0 10.0 12.0 23.0 5.0 132.7926 11.0 1 1 
1.2 171.94 4.0 -1.0803 407.44084 0.0 0.0 32.0 31.0 11.0 9.0 21.0 5.0 105.5781 6.0 1 1 
1.8 247.59 2.0 -1.7239 545.56814 0.0 0.0 40.0 37.0 11.0 14.0 23.0 6.0 134.4561 11.0 1 2 
1.5 203.58 2.0 -0.9805 382.39488 0.0 0.0 27.0 25.0 10.0 12.0 17.0 5.0 92.2486 5.0 0 1 
3.3 264.39 4.0 -1.386 534.56868 0.0 0.0 42.0 38.0 15.0 15.0 30.0 7.0 138.1325 5.0 1 1 
8.6 299.72 2.0 -1.1855 552.56404 0.0 0.0 39.0 36.0 14.0 18.0 22.0 6.0 129.5421 11.0 0 2 
1.1 201.89 2.0 -0.8416 423.3773 0.0 0.0 31.0 29.0 11.0 13.0 20.0 6.0 98.4336 5.0 0 1 
0.57 142.48 2.0 -1.2778 347.38888 0.0 0.0 29.0 27.0 9.0 7.0 19.0 4.0 91.3673 6.0 1 1 
1.5 146.96 1.0 0.011 415.48598 0.0 0.0 31.0 28.0 6.0 8.0 16.0 4.0 108.3912 11.0 1 1 
0.95 169.38 1.0 -0.4136 395.4301 0.0 0.0 28.0 26.0 8.0 10.0 18.0 5.0 96.1782 5.0 0 1 
1.2 179.33 1.0 -0.5305 422.45544 0.0 0.0 30.0 28.0 10.0 11.0 19.0 5.0 102.8512 6.0 0 1 
0.85 142.48 2.0 -1.3741 349.40476 0.0 0.0 29.0 27.0 9.0 7.0 23.0 6.0 92.6603 0.0 1 1 
1.8 102.71 2.0 3.546 458.5423232 0.0 1.0 34.0 33.0 5.0 6.0 20.0 2.0 125.9281 12.0 0 1 
12 497.41 17.0 4.0129 1432.04592 0.0 0.0 109.0 104.0 32.0 30.0 67.0 13.0 380.9451 29.0 1 0 
1.1 43.37 0.0 2.0432 303.20422 0.0 0.0 19.0 19.0 2.0 3.0 12.0 1.0 79.0715 6.0 0 1 
4.6 115.38 3.0 1.8231 323.12938 0.0 0.0 20.0 20.0 5.0 4.0 12.0 2.0 74.3753 6.0 1 1 
8.3 54.75 2.0 2.9502 300.7628 0.0 0.0 24.0 22.0 2.0 2.0 10.0 2.0 95.0824 12.0 2 1 
570 30.61 3.0 2.8856 321.88802 0.0 0.0 25.0 24.0 3.0 1.0 14.0 0.0 99.5631 11.0 2 0 
22 17.33 1.0 2.4015 275.7964 0.0 0.0 21.0 20.0 2.0 1.0 9.0 0.0 82.0817 12.0 1 0 
11 32.98 1.0 3.5423 319.8721 0.0 0.0 24.0 22.0 3.0 1.0 12.0 0.0 96.3367 12.0 1 0 
46 83.65 2.0 3.6005 276.73982 0.0 0.0 17.0 17.0 5.0 5.0 8.0 3.0 65.1594 6.0 0 0 
7 191.31 4.0 -0.0946 476.86374 0.0 0.0 37.0 34.0 7.0 9.0 26.0 5.0 110.7107 6.0 1 3 
36 117.87 3.0 3.0341 338.76614 0.0 0.0 24.0 22.0 6.0 6.0 9.0 3.0 82.9344 12.0 0 0 
7.3 26.0 2.0 2.9729 263.35686 0.0 0.0 24.0 21.0 2.0 1.0 11.0 1.0 90.2754 12.0 1 0 
1.1 89.82 2.0 0.8902 373.46266 2.0 0.0 28.0 27.0 4.0 5.0 24.0 2.0 102.7281 0.0 0 1 
2.6 163.37 2.0 -0.2042 277.171141 0.0 0.0 18.0 18.0 6.0 9.0 10.0 2.0 58.7537 6.0 0 2 
0.86 162.3 2.0 -1.5627 357.4451 0.0 0.0 27.0 27.0 8.0 7.0 23.0 4.0 90.3948 0.0 1 2 
7.9 82.38 0.0 2.71808 342.40886 1.0 0.0 27.0 25.0 4.0 5.0 19.0 1.0 92.5025 6.0 0 1 
2.2 114.19 3.0 1.37918 252.33924 1.0 0.0 18.0 18.0 7.0 6.0 11.0 1.0 69.1831 5.0 0 0 
3.8 81.98 1.0 0.8566 331.3415232 0.0 1.0 29.0 26.0 5.0 5.0 16.0 2.0 94.2664 11.0 1 1 
0.42 126.44 0.0 7.9831 929.14498 0.0 0.0 72.0 67.0 12.0 12.0 46.0 2.0 267.341 24.0 2 0 
33 37.46 1.0 2.39588 325.3998832 1.0 1.0 27.0 25.0 3.0 2.0 14.0 0.0 92.5767 12.0 1 0 
16 119.31 3.0 0.2838 285.68698 0.0 0.0 21.0 19.0 7.0 8.0 11.0 0.0 66.522 10.0 0 0 
2.8 184.11 5.0 1.0226 748.9613 0.0 0.0 55.0 53.0 14.0 13.0 53.0 2.0 195.3479 0.0 1 0 
0.9 89.9 1.0 -2.4924 198.15282 0.0 0.0 15.0 14.0 5.0 6.0 12.0 3.0 44.9553 0.0 0 1 
0.3 90.93 1.0 4.574 456.31642 0.0 0.0 31.0 30.0 7.0 7.0 20.0 5.0 116.2357 6.0 0 0 
5.4 93.01 1.0 0.378 365.7865832 0.0 1.0 31.0 28.0 6.0 5.0 18.0 2.0 95.5621 11.0 1 1 
2.1 128.76 5.0 0.9325 425.99096 0.0 0.0 29.0 28.0 8.0 7.0 28.0 1.0 112.1448 0.0 1 0 
26 7.68 1.0 3.1763 315.86026 0.0 0.0 25.0 23.0 2.0 0.0 13.0 0.0 100.0317 12.0 1 0 
38 87.28 1.0 3.1345 315.7112 0.0 0.0 24.0 22.0 4.0 3.0 9.0 3.0 91.8717 12.0 1 1 
7.6 38.03 3.0 2.4161 231.1018 0.0 0.0 16.0 15.0 3.0 2.0 9.0 1.0 67.9581 6.0 1 0 
10 33.68 3.0 3.6005 328.83914 0.0 0.0 28.0 25.0 4.0 1.0 15.0 1.0 111.9791 12.0 2 0 
1.5 57.04 1.0 2.4099 318.38746 0.0 0.0 26.0 24.0 5.0 4.0 18.0 2.0 90.6222 6.0 1 0 
0.76 57.04 1.0 2.016 304.36088 0.0 0.0 25.0 23.0 5.0 4.0 17.0 2.0 86.0347 6.0 1 0 
4 43.13 2.0 1.6532 300.37218 0.0 0.0 27.0 23.0 4.0 3.0 20.0 1.0 87.7025 6.0 1 0 
58 83.09 1.0 3.2625 399.437 0.0 0.0 31.0 29.0 7.0 7.0 16.0 2.0 109.3567 13.0 0 0 
6.7 78.09 2.0 6.6453 498.57444 0.0 0.0 44.0 39.0 6.0 5.0 13.0 2.0 153.5424 29.0 0 0 
17 33.2 0.0 1.3128 176.21508 0.0 0.0 14.0 13.0 3.0 3.0 7.0 1.0 53.328 6.0 0 0 
8 51.38 1.0 2.2128 261.085961 0.0 0.0 14.0 14.0 4.0 4.0 13.0 1.0 62.6022 0.0 0 0 
7.3 278.8 5.0 4.1495 1202.61124 0.0 0.0 85.0 85.0 23.0 23.0 73.0 12.0 375.4656 0.0 0 0 
6.2 99.73 2.0 0.7692 182.1832 0.0 0.0 14.0 14.0 7.0 6.0 7.0 2.0 44.7656 5.0 0 0 
170 581.12 21.0 3.1446 1817.69974 0.0 0.0 143.0 131.0 38.0 36.0 92.0 9.0 476.9638 42.0 2 1 
0.74 184.8 2.0 3.6168 690.8472 0.0 0.0 50.0 48.0 12.0 13.0 36.0 9.0 188.844 5.0 0 0 
10 120.73 1.0 2.5304 314.253 0.0 0.0 25.0 23.0 6.0 6.0 10.0 4.0 88.2407 11.0 1 1 
22 94.56 2.0 3.927 248.30088 0.0 0.0 18.0 17.0 4.0 4.0 4.0 2.0 67.1888 12.0 0 0 
8.1 714.96 18.0 -5.8731 1617.64682 0.0 0.0 122.0 119.0 41.0 41.0 86.0 20.0 427.357 16.0 1 4 
3.6 56.76 2.0 4.8099 427.55794 0.0 0.0 37.0 33.0 4.0 3.0 18.0 1.0 131.8251 18.0 1 0 
0.58 123.49 3.0 -1.5576 228.20528 0.0 0.0 17.0 16.0 7.0 8.0 10.0 1.0 52.481 6.0 0 0 
200 41.46 1.0 3.3565 305.1587 0.0 0.0 22.0 20.0 3.0 3.0 8.0 2.0 88.0597 12.0 0 0 
12 191.31 4.0 -0.2687 462.83716 0.0 0.0 36.0 33.0 7.0 9.0 25.0 5.0 106.0207 6.0 1 3 
34 39.97 1.0 3.0707 384.53166 0.0 0.0 30.0 29.0 4.0 3.0 17.0 1.0 115.1787 12.0 1 0 
22 19.85 1.0 2.5716 267.38862 0.0 0.0 24.0 22.0 3.0 0.0 12.0 0.0 90.1204 12.0 1 0 
46 41.46 1.0 2.7031 270.71364 0.0 0.0 21.0 19.0 3.0 3.0 7.0 2.0 83.0497 12.0 0 0 
3 487.75 14.0 -0.3959 1070.2249 0.0 0.0 79.0 76.0 29.0 27.0 55.0 12.0 293.5916 12.0 1 0 
3.7 94.83 3.0 1.8957 392.4610632 0.0 1.0 31.0 28.0 5.0 5.0 27.0 4.0 101.9564 0.0 0 0 
14 16.61 1.0 2.2197 232.2652896 0.0 3.0 18.0 18.0 2.0 0.0 12.0 0.0 59.6974 6.0 1 0 
1.2 98.77 1.0 3.0681 460.37136 0.0 0.0 30.0 30.0 6.0 7.0 21.0 3.0 115.9597 6.0 0 1 
2.2 28.68 1.0 3.1783 200.27954 0.0 0.0 17.0 16.0 2.0 1.0 6.0 0.0 62.7797 11.0 0 0 
22 114.89 2.0 7.0221 610.7193 0.0 0.0 50.0 46.0 7.0 5.0 27.0 5.0 182.6904 18.0 2 1 
2.5 100.02 3.0 -1.9607 269.27708 0.0 0.0 21.0 20.0 8.0 7.0 17.0 4.0 79.5811 0.0 1 0 
60 227.36 3.0 11.1554 1164.37914 0.0 0.0 91.0 85.0 16.0 16.0 59.0 14.0 321.9923 18.0 0 0 
1.8 98.33 2.0 1.9267 612.90563 0.0 0.0 20.0 20.0 5.0 6.0 11.0 3.0 98.2354 6.0 0 1 
42 32.67 0.0 2.6544 284.74022 0.0 0.0 22.0 20.0 3.0 3.0 8.0 2.0 87.951 12.0 0 0 
48 66.91 1.0 2.527 230.67138 0.0 0.0 15.0 14.0 4.0 4.0 6.0 3.0 61.6837 6.0 0 0 
2.4 256.04 9.0 -8.8506 456.55478 0.0 0.0 48.0 46.0 23.0 8.0 48.0 0.0 111.1107 0.0 5 0 
1.4 52.16 1.0 3.1024 295.1407 0.0 0.0 20.0 19.0 2.0 2.0 7.0 1.0 75.6082 12.0 0 1 
0.88 140.87 1.0 2.1962 469.31844 0.0 0.0 33.0 30.0 7.0 9.0 19.0 3.0 113.8117 11.0 0 1 
1.4 93.03 2.0 -0.2105 236.22728 0.0 0.0 20.0 18.0 6.0 6.0 9.0 1.0 58.7715 10.0 0 0 
10 60.36 1.0 1.7009 249.1896864 0.0 2.0 19.0 18.0 2.0 3.0 6.0 1.0 58.834 12.0 0 1 
180 182.83 5.0 3.2473 764.93906 0.0 0.0 61.0 54.0 13.0 13.0 59.0 2.0 194.937 0.0 0 0 
38 203.06 6.0 2.2181 780.93846 0.0 0.0 62.0 55.0 14.0 14.0 60.0 2.0 196.0988 0.0 0 0 
3.3 100.16 4.0 1.8095 329.4134 0.0 0.0 27.0 26.0 6.0 4.0 14.0 1.0 95.2691 12.0 1 0 
5.6 85.58 1.0 2.0164 415.52578 0.0 0.0 32.0 30.0 7.0 6.0 18.0 2.0 118.6507 12.0 1 0 
9.3 13.67 1.0 1.9371 256.36268 0.0 0.0 21.0 20.0 2.0 1.0 9.0 0.0 80.3617 12.0 1 0 
1.5 63.14 2.0 2.9938 370.50508 0.0 0.0 30.0 29.0 5.0 3.0 17.0 1.0 111.3307 12.0 1 0 
1.7 102.28 2.0 -2.2131 254.24256 0.0 0.0 19.0 18.0 5.0 8.0 7.0 2.0 63.9766 10.0 0 0 
7 60.42 2.0 2.6451 340.4824 0.0 0.0 27.0 26.0 4.0 3.0 14.0 1.0 103.8971 12.0 1 0 
11 224.45 5.0 3.6505 807.87922 0.0 0.0 63.0 58.0 15.0 15.0 45.0 6.0 205.2534 12.0 0 0 
8.1 122.77 3.0 2.8734 442.57272 0.0 0.0 31.0 30.0 8.0 7.0 15.0 4.0 117.3421 12.0 1 0 
0.13 63.6 2.0 2.6711 325.38164 0.0 0.0 30.0 26.0 5.0 3.0 18.0 2.0 94.4729 10.0 1 0 
7.5 80.02 3.0 3.5053 426.9192 0.0 0.0 37.0 33.0 5.0 4.0 15.0 2.0 125.0391 20.0 1 0 
1.7 163.36 0.0 7.6274 1035.22232 0.0 0.0 79.0 74.0 16.0 16.0 53.0 2.0 288.502 24.0 2 0 
4.1 33.98 1.0 3.2633 379.51514 0.0 0.0 32.0 29.0 4.0 3.0 19.0 1.0 120.2967 12.0 1 0 
10 112.27 1.0 2.3019 451.4751 0.0 0.0 37.0 33.0 10.0 10.0 19.0 1.0 128.5844 17.0 0 0 
15 13.67 1.0 2.5453 280.38408 0.0 0.0 24.0 22.0 2.0 1.0 11.0 1.0 88.9387 12.0 1 0 
0.35 104.55 3.0 -1.6852 246.1924432 0.0 1.0 19.0 18.0 6.0 6.0 11.0 2.0 53.0653 6.0 0 0 
32 213.35 4.0 0.1609 542.51132 0.0 0.0 46.0 42.0 12.0 11.0 31.0 3.0 130.1385 12.0 1 2 
14 191.31 4.0 -0.8812 442.41868 0.0 0.0 36.0 33.0 7.0 9.0 25.0 5.0 105.8177 6.0 1 3 
9.3 53.53 1.0 5.4682 398.51518 0.0 0.0 33.0 31.0 6.0 4.0 20.0 1.0 122.3464 12.0 1 0 
1.8 20.23 1.0 -1.017 246.14414 0.0 0.0 12.0 13.0 1.0 1.0 6.0 0.0 61.585 6.0 1 1 
4.2 62.75 2.0 5.0539 383.52698 0.0 0.0 32.0 29.0 4.0 2.0 14.0 2.0 115.3474 16.0 1 0 
4.7 37.3 1.0 4.5952 318.49346 0.0 0.0 26.0 23.0 2.0 2.0 25.0 1.0 95.4468 0.0 0 0 
39 126.41 2.0 -2.6959 365.4009 0.0 0.0 28.0 28.0 7.0 7.0 19.0 3.0 95.9482 6.0 1 2 
2.6 42.77 2.0 4.5895 353.47786 0.0 0.0 29.0 27.0 4.0 3.0 16.0 1.0 111.4229 12.0 1 0 
5.6 87.37 2.0 1.0208 269.3018 0.0 0.0 23.0 21.0 6.0 5.0 9.0 2.0 77.0666 12.0 0 0 
2.2 130.53 3.0 1.1648 321.37478 0.0 0.0 24.0 23.0 6.0 6.0 9.0 4.0 83.792 11.0 1 0 
5.1 94.87 1.0 -0.0634 320.3188832 0.0 1.0 27.0 25.0 6.0 6.0 14.0 2.0 89.3684 11.0 1 1 
1.8 83.54 2.0 -0.1771 194.1906 0.0 0.0 17.0 16.0 5.0 4.0 5.0 2.0 51.8504 10.0 0 0 
2.4 133.21 1.0 2.74278 304.27806 1.0 0.0 22.0 22.0 5.0 5.0 12.0 3.0 79.1975 6.0 1 2 
36 213.35 4.0 0.1609 542.51132 0.0 0.0 46.0 42.0 12.0 11.0 31.0 3.0 130.1385 12.0 1 2 
27 69.23 1.0 4.1572 398.55824 0.0 0.0 32.0 29.0 3.0 4.0 28.0 4.0 115.2342 0.0 0 1 
2.1 127.57 1.0 1.4941 423.50472 0.0 0.0 33.0 31.0 3.0 6.0 14.0 3.0 115.1732 16.0 1 2 
4.2 379.06 10.0 -1.6257 831.96186 0.0 0.0 63.0 60.0 22.0 20.0 44.0 9.0 233.3006 10.0 1 1 
2.1 119.41 4.0 2.4096 582.66944 0.0 0.0 52.0 45.0 10.0 8.0 32.0 4.0 171.3049 16.0 1 0 
51 324.57 3.0 16.1458 1309.624402 0.0 0.0 90.0 89.0 17.0 21.0 84.0 6.0 347.6492 0.0 0 4 
3.8 191.81 3.0 -1.1748 474.50686 0.0 0.0 38.0 35.0 10.0 10.0 27.0 5.0 124.7194 6.0 1 2 
2 195.11 6.0 0.3685 734.93472 0.0 0.0 54.0 52.0 14.0 13.0 52.0 2.0 190.6177 0.0 1 0 
0.15 72.37 2.0 0.5037 296.38194 0.0 0.0 23.0 23.0 6.0 4.0 16.0 1.0 82.8622 6.0 1 0 
1.7 40.46 2.0 3.6092 272.38196 0.0 0.0 23.0 20.0 2.0 2.0 17.0 0.0 81.0268 6.0 0 0 
2.4 111.77 0.0 6.1754 518.367161 0.0 0.0 36.0 33.0 5.0 7.0 28.0 2.0 125.6465 6.0 0 2 
0.5 66.43 0.0 2.271 302.13004 0.0 0.0 19.0 19.0 3.0 4.0 10.0 3.0 71.732 6.0 0 1 
3.1 69.1 4.0 -0.9279 205.3177 0.0 0.0 15.0 16.0 5.0 3.0 15.0 0.0 59.3687 0.0 1 0 
9.7 40.46 2.0 3.6126 296.40336 1.0 0.0 25.0 22.0 2.0 2.0 18.0 0.0 88.8408 6.0 0 0 
9.3 95.04 1.0 4.1779 375.45862 1.0 0.0 29.0 26.0 4.0 5.0 20.0 2.0 97.4484 6.0 0 1 
8.4 95.04 1.0 3.8268 375.45862 1.0 0.0 29.0 26.0 4.0 5.0 20.0 2.0 97.1872 6.0 0 1 
2.2 57.07 3.0 0.0089 182.23954 0.0 0.0 15.0 15.0 4.0 2.0 9.0 0.0 53.0732 6.0 1 0 
3.5 44.12 0.0 2.6691 244.28904 0.0 0.0 19.0 18.0 3.0 4.0 7.0 1.0 68.8695 11.0 0 0 
5.7 160.83 3.0 1.3386 588.55658 0.0 0.0 48.0 42.0 13.0 13.0 35.0 1.0 139.1076 12.0 0 0 
26 68.3 0.0 5.2567 358.8419 0.0 0.0 26.0 24.0 4.0 4.0 6.0 2.0 95.974 18.0 0 0 
6.7 109.06 2.0 1.7563 436.4555232 0.0 1.0 40.0 35.0 8.0 6.0 21.0 2.0 116.8289 17.0 1 0 
2.8 232.75 6.0 2.9869 337.4454 0.0 0.0 20.0 20.0 10.0 11.0 11.0 4.0 82.7596 5.0 0 0 
10 64.63 1.0 4.2931 384.25376 0.0 0.0 26.0 25.0 5.0 5.0 16.0 4.0 100.5297 6.0 0 0 
0.87 97.53 5.0 1.0314 304.36088 0.0 0.0 25.0 24.0 6.0 4.0 13.0 0.0 86.4132 12.0 1 0 
14 42.77 2.0 2.2844 261.33944 0.0 0.0 22.0 20.0 4.0 3.0 15.0 1.0 81.8384 6.0 1 0 
3 24.75 1.0 4.2888 337.47846 0.0 0.0 28.0 26.0 3.0 2.0 15.0 1.0 109.4517 12.0 1 0 
6 58.2 2.0 4.5342 372.54414 0.0 0.0 30.0 27.0 4.0 4.0 27.0 3.0 113.1814 0.0 0 0 
5.2 98.17 3.0 3.8949 401.8402 0.0 0.0 32.0 29.0 4.0 5.0 14.0 1.0 110.908 17.0 1 1 
12 64.17 2.0 4.3746 415.3506592 0.0 6.0 31.0 30.0 6.0 4.0 24.0 1.0 92.0186 6.0 1 0 
8.6 69.81 1.0 0.5816 369.3383296 0.0 3.0 29.0 27.0 4.0 5.0 16.0 2.0 96.4837 11.0 1 1 
1.4 140.87 1.0 1.6819 452.8638432 0.0 1.0 33.0 30.0 7.0 9.0 19.0 3.0 108.7597 11.0 0 1 
30 81.65 1.0 0.7358 306.2707864 0.0 2.0 24.0 22.0 5.0 7.0 8.0 0.0 70.7088 16.0 0 0 
4.2 71.77 2.0 0.0724 129.0924632 0.0 1.0 10.0 10.0 4.0 3.0 3.0 1.0 29.2201 6.0 0 0 
11 139.54 4.0 -1.2597 285.2317832 0.0 1.0 22.0 20.0 8.0 9.0 12.0 0.0 62.6318 10.0 0 0 
0.78 64.43 0.0 1.7116 303.2883632 0.0 1.0 24.0 22.0 5.0 6.0 11.0 2.0 79.466 11.0 0 0 
25 78.49 0.0 2.5715 313.2831832 0.0 1.0 25.0 23.0 4.0 3.0 10.0 3.0 91.721 12.0 1 1 
1.6 90.57 1.0 2.6339 331.29834 0.0 0.0 28.0 25.0 3.0 5.0 5.0 2.0 91.582 21.0 0 1 
0.12 65.72 2.0 -0.7977 130.0772232 0.0 1.0 11.0 11.0 4.0 2.0 3.0 2.0 27.6414 6.0 0 0 
8.5 89.27 3.0 3.7106 304.3194832 0.0 1.0 23.0 22.0 6.0 6.0 10.0 1.0 82.9858 12.0 0 0 
6 105.97 1.0 4.43 500.5708496 0.0 3.0 37.0 34.0 6.0 6.0 32.0 5.0 123.0318 0.0 0 0 
0.7 85.52 2.0 3.2934 410.4580032 0.0 1.0 32.0 30.0 3.0 5.0 14.0 2.0 114.4871 16.0 0 1 
1.3 225.76 5.0 -1.1042 511.50144 0.0 0.0 36.0 35.0 12.0 14.0 20.0 4.0 121.834 12.0 0 2 
4.7 113.13 0.0 -0.6162 122.981461 0.0 0.0 6.0 7.0 2.0 5.0 4.0 2.0 15.062 0.0 0 3 
2.1 143.65 0.0 1.7292 384.2348074 0.0 2.0 28.0 26.0 6.0 10.0 11.0 1.0 78.5545 16.0 0 2 
1.9 85.53 0.0 0.7853 136.043161 0.0 0.0 8.0 8.0 2.0 4.0 7.0 1.0 23.4285 0.0 0 2 
9.4 110.38 0.0 3.2031 433.477641 0.0 0.0 32.0 30.0 4.0 6.0 23.0 3.0 119.2255 6.0 0 2 
1.5 169.22 3.0 1.9315 428.370161 0.0 0.0 29.0 29.0 7.0 9.0 22.0 7.0 102.7789 0.0 0 2 
24 75.49 3.0 1.0176 244.31222 0.0 0.0 23.0 21.0 5.0 2.0 12.0 1.0 72.692 10.0 1 0 
2.5 133.84 2.0 2.4101 329.7362 0.0 0.0 22.0 21.0 5.0 7.0 8.0 3.0 73.5221 11.0 0 1 
5.3 67.77 1.0 -0.6812 171.23678 0.0 0.0 15.0 15.0 4.0 2.0 14.0 1.0 46.7976 0.0 1 1 
5.3 43.13 2.0 2.0024 288.36148 0.0 0.0 25.0 22.0 4.0 3.0 18.0 1.0 85.0095 6.0 1 0 
3.7 139.28 4.0 -1.3897 255.23062 0.0 0.0 20.0 19.0 8.0 8.0 9.0 1.0 61.6447 10.0 0 0 
10 91.21 1.0 1.2537 375.3940832 0.0 1.0 32.0 29.0 6.0 6.0 19.0 2.0 105.5654 11.0 1 1 
34 69.94 2.0 4.5007 447.9103032 0.0 1.0 35.0 32.0 7.0 5.0 18.0 0.0 122.6204 17.0 1 0 
1 110.6 3.0 -0.7074 263.1981464 0.0 2.0 19.0 18.0 6.0 7.0 12.0 1.0 54.826 6.0 0 0 
4.7 213.75 8.0 -7.5303 482.63512 0.0 0.0 48.0 46.0 20.0 7.0 48.0 0.0 124.5965 0.0 5 0 
10 37.3 1.0 3.6586 310.42994 1.0 0.0 26.0 23.0 2.0 2.0 22.0 3.0 92.9588 0.0 0 0 
10 133.06 3.0 5.2654 490.61556 0.0 0.0 36.0 34.0 9.0 9.0 24.0 6.0 133.3061 6.0 0 0 
3.3 138.53 3.0 4.3316 445.53518 0.0 0.0 33.0 31.0 9.0 9.0 17.0 4.0 115.3026 12.0 0 0 
2.2 121.98 3.0 5.8952 494.00352 0.0 0.0 35.0 33.0 8.0 8.0 19.0 4.0 126.2486 12.0 0 0 
5.2 51.36 2.0 2.8614 313.4173 0.0 0.0 27.0 24.0 4.0 4.0 16.0 1.0 95.9929 10.0 1 0 
15 80.71 3.0 0.8171 247.1012 0.0 0.0 17.0 17.0 5.0 3.0 9.0 2.0 61.0105 6.0 1 0 
35 41.74 2.0 4.5777 376.8721632 0.0 1.0 29.0 27.0 3.0 2.0 16.0 1.0 106.445 12.0 1 0 
4.9 66.48 1.0 1.468 236.26704 0.0 0.0 18.0 17.0 5.0 5.0 14.0 4.0 69.3527 0.0 0 0 
1 63.83 2.0 1.6887 160.17592 0.0 0.0 13.0 12.0 4.0 4.0 2.0 0.0 46.7441 11.0 0 0 
1.6 94.83 3.0 1.7816 362.4599 0.0 0.0 29.0 26.0 5.0 5.0 26.0 3.0 97.5344 0.0 0 0 
2.3 50.97 2.0 1.7824 286.3456 0.0 0.0 26.0 22.0 4.0 3.0 19.0 1.0 82.7457 6.0 1 0 
850 50.84 4.0 1.858 337.88742 0.0 0.0 26.0 25.0 4.0 2.0 15.0 0.0 100.7249 11.0 2 0 
3.4 75.35 3.0 0.1351 76.05466 0.0 0.0 4.0 5.0 4.0 4.0 3.0 1.0 13.7486 0.0 0 0 
42 166.84 2.0 7.1446 500.41148 0.0 0.0 45.0 38.0 4.0 8.0 12.0 2.0 135.345 31.0 0 4 
14 170.67 2.0 0.8357 316.205122 0.0 0.0 19.0 20.0 4.0 7.0 17.0 2.0 66.5755 0.0 1 4 
1.6 40.13 0.0 1.7385 205.27288 0.0 0.0 15.0 15.0 1.0 2.0 8.0 1.0 60.2385 6.0 0 1 
7 79.22 3.0 3.9007 385.58438 0.0 0.0 27.0 27.0 5.0 4.0 19.0 2.0 112.6772 6.0 1 0 
16 183.89 3.0 1.1799 496.48594 0.0 0.0 43.0 39.0 10.0 9.0 28.0 3.0 122.4847 12.0 1 2 
4.2 44.46 2.0 0.8067 205.23312 0.0 0.0 18.0 16.0 4.0 3.0 11.0 1.0 64.3094 6.0 1 0 
22 104.49 1.0 3.1717 439.52404 0.0 0.0 35.0 32.0 5.0 7.0 22.0 2.0 118.2887 11.0 0 1 
6.6 51.38 1.0 2.2128 261.085961 0.0 0.0 14.0 14.0 4.0 4.0 13.0 1.0 62.6022 0.0 0 0 
0.57 80.59 2.0 2.2066 359.47914 1.0 0.0 27.0 26.0 3.0 4.0 23.0 3.0 103.0071 0.0 0 1 
22 87.48 3.0 4.8263 494.61068 0.0 0.0 42.0 38.0 8.0 6.0 17.0 1.0 155.4586 24.0 1 0 
0.95 143.59 3.0 -3.0016 299.34608 0.0 0.0 23.0 22.0 8.0 7.0 19.0 4.0 77.7504 0.0 1 1 
16 7.68 1.0 2.5229 281.4152 0.0 0.0 24.0 22.0 2.0 0.0 12.0 0.0 95.0217 12.0 1 0 
1 119.23 5.0 3.7387 614.79742 0.0 0.0 50.0 46.0 9.0 8.0 30.0 2.0 183.5837 18.0 1 0 
0.065 137.41 0.0 10.5557 774.96285 0.0 0.0 58.0 54.0 5.0 7.0 27.0 9.0 223.9848 22.0 2 2 
1.4 71.36 0.0 2.5926 356.7797 0.0 0.0 27.0 25.0 3.0 5.0 9.0 2.0 94.179 16.0 0 1 
4.3 49.33 3.0 4.1478 348.46134 0.0 0.0 31.0 28.0 4.0 2.0 14.0 1.0 110.2836 16.0 1 0 
19 65.38 4.0 2.9028 349.4494 0.0 0.0 31.0 28.0 5.0 3.0 11.0 0.0 110.7821 20.0 1 0 
1.5 199.89 8.0 -0.8457 821.13785 0.0 0.0 34.0 34.0 12.0 12.0 25.0 3.0 145.6122 6.0 0 0 
2.1 188.45 8.0 -0.1595 777.08529 0.0 0.0 31.0 31.0 11.0 11.0 22.0 3.0 134.7421 6.0 0 0 
2.6 168.66 6.0 0.0574 791.11187 0.0 0.0 32.0 32.0 11.0 11.0 23.0 3.0 139.5666 6.0 0 0 
1.3 98.33 2.0 1.6458 612.90563 0.0 0.0 20.0 20.0 5.0 6.0 11.0 3.0 96.9189 6.0 0 1 
14 85.84 1.0 3.9942 428.52942 0.0 0.0 37.0 33.0 6.0 5.0 18.0 2.0 132.6567 17.0 1 1 
9 115.4 2.0 4.1811 587.68596 0.0 0.0 50.0 44.0 9.0 9.0 30.0 3.0 170.5955 17.0 1 0 
0.3 57.53 2.0 1.6656 246.30162 0.0 0.0 20.0 18.0 3.0 3.0 16.0 4.0 68.7566 0.0 0 0 
24 307.16 12.0 -10.3101 573.63488 0.0 0.0 52.0 50.0 24.0 13.0 51.0 1.0 132.993 0.0 4 0 
0.41 77.3 4.0 0.103 212.26552 0.0 0.0 17.0 17.0 5.0 3.0 11.0 0.0 59.9032 6.0 1 0 
1.7 128.56 0.0 -0.0158 236.13632 0.0 0.0 17.0 16.0 6.0 2.0 15.0 2.0 47.278 0.0 2 2 
33 121.12 2.0 2.5741 335.33512 0.0 0.0 25.0 23.0 7.0 8.0 10.0 4.0 84.7565 11.0 0 0 
3.3 103.55 1.0 2.911 371.38714 0.0 0.0 29.0 27.0 7.0 8.0 15.0 4.0 100.6787 10.0 0 0 
25 104.7 0.0 5.7073 705.63342 0.0 0.0 55.0 49.0 9.0 12.0 26.0 1.0 194.534 28.0 0 0 
17 140.29 3.0 4.3793 506.69778 0.0 0.0 37.0 35.0 7.0 8.0 29.0 3.0 144.1933 5.0 0 0 
2.1 289.09 11.0 -10.1586 488.5304 0.0 0.0 47.0 45.0 23.0 11.0 47.0 0.0 110.631 0.0 4 0 
2.8 33.68 1.0 1.8716 238.73318 0.0 0.0 19.0 18.0 3.0 1.0 12.0 1.0 67.2884 6.0 1 0 
12 76.37 2.0 2.5759 396.4347232 0.0 1.0 34.0 31.0 5.0 4.0 14.0 3.0 114.2659 17.0 1 0 
2.3 41.74 2.0 2.4868 248.34068 0.0 0.0 20.0 19.0 3.0 2.0 13.0 1.0 77.6297 6.0 1 0 
2.1 57.2 0.0 1.771 253.27262 0.0 0.0 20.0 19.0 2.0 3.0 6.0 2.0 70.726 12.0 0 1 
5.1 62.13 0.0 0.9563 254.26068 0.0 0.0 21.0 19.0 2.0 4.0 8.0 2.0 67.864 11.0 0 1 
1.3 202.81 7.0 2.1158 588.69566 0.0 0.0 45.0 43.0 13.0 12.0 31.0 4.0 157.4223 10.0 0 0 
32 154.17 5.0 -0.5393 398.43566 0.0 0.0 37.0 34.0 10.0 7.0 17.0 1.0 112.5015 19.0 2 1 
4.4 100.16 4.0 1.8095 329.4134 0.0 0.0 27.0 26.0 6.0 4.0 14.0 1.0 95.2691 12.0 1 0 
2.1 170.61 4.0 -1.0157 468.50232 0.0 0.0 38.0 36.0 10.0 9.0 22.0 4.0 126.9555 12.0 1 1 
9.1 115.67 2.0 -0.0129 229.25624 0.0 0.0 16.0 15.0 6.0 7.0 9.0 1.0 56.3082 6.0 0 0 
1 87.08 1.0 4.3809 369.3614696 0.0 3.0 28.0 26.0 4.0 4.0 12.0 0.0 87.2392 16.0 1 1 
45 78.29 0.0 2.65916 285.30274 2.0 0.0 24.0 22.0 4.0 5.0 5.0 0.0 79.688 17.0 0 0 
2.9 430.78 16.0 1.437 1210.4062 0.0 0.0 96.0 91.0 29.0 25.0 64.0 11.0 328.138 21.0 1 0 
1.3 108.23 3.0 -1.9993 197.18794 0.0 0.0 17.0 17.0 6.0 4.0 10.0 1.0 48.8626 6.0 1 1 
8.8 79.04 1.0 0.4264 361.3675032 0.0 1.0 30.0 27.0 5.0 6.0 17.0 2.0 100.8527 11.0 1 1 
30 42.21 1.0 3.1435 329.4796 0.0 0.0 26.0 24.0 4.0 2.0 14.0 0.0 102.6257 12.0 1 0 
9.4 37.3 1.0 3.8826 312.44582 1.0 0.0 26.0 23.0 2.0 2.0 23.0 2.0 93.4328 0.0 0 0 
1.1 113.43 2.0 1.19916 280.28468 2.0 0.0 22.0 21.0 7.0 7.0 11.0 3.0 84.5524 6.0 0 0 
1.6 33.54 2.0 1.2396 235.34522 0.0 0.0 18.0 18.0 3.0 2.0 11.0 1.0 74.0684 6.0 1 0 
5.6 148.99 6.0 -0.314 407.5453 0.0 0.0 29.0 28.0 9.0 8.0 28.0 1.0 108.5106 0.0 1 0 
4.5 71.11 1.0 1.6445 337.3461032 0.0 1.0 26.0 24.0 7.0 7.0 18.0 2.0 91.0587 6.0 0 0 
42 144.82 2.0 -3.2393 405.48794 0.0 0.0 35.0 34.0 9.0 6.0 26.0 3.0 111.2865 6.0 2 2 
7.8 63.19 0.0 -2.447 73.8909 0.0 0.0 3.0 6.0 1.0 3.0 2.0 1.0 6.769 0.0 2 2 
17 61.69 2.0 2.6749 321.1581 0.0 0.0 23.0 21.0 4.0 4.0 9.0 2.0 89.2215 12.0 0 0 
6.5 24.75 1.0 4.9406 371.92352 0.0 0.0 29.0 27.0 3.0 2.0 16.0 1.0 114.4617 12.0 1 0 
4.9 52.9 1.0 2.6262 335.18468 0.0 0.0 24.0 22.0 4.0 4.0 10.0 2.0 94.1228 12.0 0 0 
1.8 89.61 1.0 3.8959 421.90268 0.0 0.0 33.0 30.0 5.0 6.0 11.0 0.0 116.0778 22.0 0 1 
1.4 72.83 1.0 4.1955 404.53964 0.0 0.0 31.0 29.0 5.0 5.0 27.0 4.0 113.9238 0.0 0 0 
5.2 98.77 1.0 3.0681 460.37136 0.0 0.0 30.0 30.0 6.0 7.0 21.0 3.0 115.9597 6.0 0 1 
51 16.61 1.0 3.1852 278.41126 0.0 0.0 26.0 23.0 2.0 0.0 14.0 0.0 89.5764 12.0 1 0 
37 38.33 1.0 4.6706 359.7027128 0.0 4.0 26.0 24.0 3.0 3.0 13.0 1.0 82.6597 12.0 0 0 
1.1 84.08 2.0 3.0452 295.29272 0.0 0.0 25.0 23.0 6.0 5.0 7.0 2.0 81.7549 16.0 0 0 
11 118.62 4.0 1.5382 373.4229 0.0 0.0 31.0 29.0 8.0 6.0 18.0 1.0 101.3321 12.0 1 0 
1.6 157.76 4.0 -2.3406 430.52058 0.0 0.0 37.0 35.0 10.0 7.0 27.0 4.0 120.3124 6.0 2 1 
18 136.22 2.0 3.0426 351.40072 0.0 0.0 25.0 23.0 7.0 8.0 10.0 4.0 90.3675 11.0 0 0 
3.9 21.51 1.0 3.6726 264.3583232 0.0 1.0 21.0 20.0 2.0 1.0 14.0 1.0 80.7102 6.0 1 0 
1 71.01 1.0 -0.1265 305.20022 0.0 0.0 22.0 22.0 5.0 3.0 15.0 1.0 78.2296 6.0 1 1 
21 242.81 5.0 0.0333 642.62714 0.0 0.0 54.0 49.0 14.0 13.0 39.0 3.0 153.7063 12.0 1 2 
7.9 30.74 1.0 2.3652 248.34068 0.0 0.0 20.0 19.0 3.0 2.0 13.0 1.0 76.6917 6.0 1 0 
2 33.54 2.0 2.9513 247.35592 0.0 0.0 20.0 19.0 3.0 2.0 13.0 1.0 80.3814 6.0 1 0 
14 104.64 2.0 2.384 218.25022 0.0 0.0 14.0 15.0 6.0 6.0 12.0 2.0 53.8798 0.0 0 0 
1.7 24.67 2.0 3.3078 234.35716 0.0 0.0 19.0 18.0 2.0 1.0 13.0 0.0 77.4297 6.0 1 0 
1 63.69 2.0 0.1944 169.1844 0.0 0.0 12.0 12.0 5.0 5.0 2.0 0.0 40.3625 10.0 0 1 
1 142.89 2.0 -1.1618 383.4625 0.0 0.0 30.0 28.0 9.0 8.0 26.0 4.0 103.3857 0.0 1 1 
1.7 92.47 4.0 -3.5823 131.17952 0.0 0.0 12.0 13.0 7.0 3.0 10.0 2.0 38.2659 0.0 2 0 
31 21.51 1.0 2.8749 310.45312 0.0 0.0 25.0 24.0 2.0 1.0 12.0 1.0 98.5877 12.0 1 0 
12 16.61 1.0 0.8108 150.24074 0.0 0.0 13.0 13.0 2.0 0.0 7.0 0.0 49.8884 6.0 1 0 
0.64 133.3 1.0 -0.0568 379.40756 0.0 0.0 28.0 26.0 8.0 9.0 19.0 3.0 96.3127 6.0 0 1 
2.4 52.81 1.0 1.0827 114.16884 0.0 0.0 8.0 8.0 2.0 2.0 2.0 1.0 30.8787 5.0 0 0 
1.6 66.48 1.0 1.5733 262.30432 1.0 0.0 19.0 19.0 5.0 5.0 14.0 4.0 79.2427 0.0 0 0 
3.9 216.2 3.0 -0.8477 452.4234 0.0 0.0 35.0 33.0 11.0 13.0 15.0 3.0 114.514 17.0 0 2 
5.9 108.23 3.0 -1.6092 211.21452 0.0 0.0 18.0 18.0 6.0 4.0 11.0 1.0 53.7076 6.0 1 1 
2.5 66.76 2.0 1.6288 356.43544 0.0 0.0 31.0 26.0 4.0 4.0 24.0 1.0 101.1538 6.0 1 0 
0.65 37.3 1.0 3.8792 288.42442 0.0 0.0 24.0 21.0 2.0 2.0 22.0 2.0 85.6568 0.0 0 0 
4.8 42.91 1.0 2.6283 234.3141 0.0 0.0 20.0 19.0 4.0 2.0 13.0 1.0 71.9074 6.0 1 0 
2.3 94.83 3.0 1.8036 374.4706 0.0 0.0 30.0 27.0 5.0 5.0 26.0 4.0 101.8674 0.0 0 0 
32 218.52 3.0 5.8312 900.04078 0.0 0.0 70.0 64.0 15.0 15.0 46.0 6.0 235.6658 18.0 0 0 
7.2 68.79 3.0 1.5574 300.80432 0.0 0.0 21.0 21.0 5.0 4.0 14.0 1.0 83.5333 6.0 1 0 
5.1 55.38 0.0 7.3692 652.81892 0.0 0.0 54.0 48.0 6.0 6.0 30.0 0.0 197.802 24.0 2 0 
20 100.88 2.0 4.6982 365.83454 0.0 0.0 26.0 24.0 6.0 6.0 11.0 3.0 99.5896 12.0 0 0 
3.6 55.3 2.0 0.587 268.37184 0.0 0.0 21.0 21.0 5.0 3.0 15.0 0.0 77.8552 6.0 1 0 
1.3 89.54 1.0 1.878 626.93221 0.0 0.0 21.0 21.0 5.0 6.0 12.0 3.0 103.1367 6.0 0 1 
7.1 83.87 1.0 0.6152 171.15396 0.0 0.0 12.0 12.0 3.0 3.0 6.0 1.0 43.2458 5.0 1 1 
9.9 36.87 1.0 1.3126 180.26672 0.0 0.0 16.0 16.0 4.0 1.0 10.0 0.0 56.4451 6.0 1 0 
1.2 210.01 2.0 0.1078 538.57396 0.0 0.0 39.0 36.0 13.0 14.0 26.0 7.0 136.4009 6.0 0 1 
13 68.65 2.0 3.8538 496.6366632 0.0 1.0 41.0 38.0 6.0 4.0 24.0 1.0 142.2164 16.0 1 0 
16 521.35 15.0 -0.8816 1269.2665 0.0 0.0 95.0 89.0 30.0 32.0 62.0 10.0 325.1152 23.0 0 1 
3.1 31.43 1.0 3.1789 326.7752632 0.0 1.0 27.0 24.0 2.0 2.0 9.0 1.0 93.7087 17.0 1 0 
2.3 105.59 6.0 -3.11 208.23222 0.0 0.0 15.0 15.0 6.0 5.0 15.0 0.0 52.0387 0.0 1 0 
0.8 69.54 1.0 1.61698 211.21936 1.0 0.0 18.0 17.0 4.0 3.0 4.0 1.0 59.9747 12.0 0 0 
17 174.32 3.0 -0.347 455.4605 0.0 0.0 37.0 34.0 7.0 9.0 26.0 5.0 114.0559 6.0 1 3 
15 20.57 1.0 2.696 266.3608 0.0 0.0 24.0 21.0 3.0 2.0 12.0 0.0 88.9577 12.0 1 0 
53 178.0 6.0 -1.1692 444.48092 0.0 0.0 38.0 36.0 10.0 8.0 24.0 2.0 117.9098 12.0 2 2 
0.83 144.9 0.0 2.9546 1100.1668 0.0 0.0 79.0 76.0 14.0 14.0 52.0 3.0 305.978 24.0 2 2 
1.5 42.77 2.0 1.945 269.74722 0.0 0.0 20.0 19.0 4.0 3.0 13.0 1.0 75.2279 6.0 1 0 
5 98.55 1.0 7.6133 585.1753 0.0 0.0 45.0 41.0 4.0 5.0 20.0 2.0 170.7033 23.0 0 1 
2 54.13 3.0 1.3502 286.3456 0.0 0.0 26.0 22.0 4.0 3.0 19.0 1.0 83.2335 6.0 1 0 
2.9 237.26 2.0 -3.4683 518.45672 0.0 0.0 39.0 36.0 13.0 16.0 23.0 5.0 117.3647 11.0 0 2 
8.2 91.21 1.0 1.6438 401.4313632 0.0 1.0 35.0 31.0 6.0 6.0 22.0 2.0 113.0654 11.0 1 1 
2.2 73.04 3.0 0.8697 242.68542 0.0 0.0 18.0 17.0 6.0 5.0 11.0 1.0 69.9961 6.0 1 0 
9.2 86.53 4.0 -0.3914 310.40852 0.0 0.0 25.0 24.0 6.0 4.0 19.0 0.0 86.7908 6.0 1 0 
0.7 124.07 1.0 1.4779 413.46684 0.0 0.0 32.0 29.0 7.0 8.0 18.0 3.0 112.1337 11.0 0 1 
3.7 74.36 4.0 1.8594 358.45132 0.0 0.0 32.0 27.0 5.0 4.0 26.0 0.0 102.0213 6.0 1 0 
8.8 54.13 3.0 2.6646 340.43604 0.0 0.0 31.0 26.0 4.0 3.0 24.0 1.0 100.3855 6.0 1 0 
1.1 71.2 3.0 1.4535 328.38228 0.0 0.0 29.0 25.0 5.0 4.0 21.0 2.0 93.0855 6.0 1 0 
1.9 71.2 3.0 1.6775 342.40886 0.0 0.0 31.0 26.0 5.0 4.0 24.0 1.0 96.2525 6.0 1 0 
1.9 198.94 4.0 0.0205 558.64976 0.0 0.0 44.0 41.0 12.0 11.0 27.0 6.0 147.4257 11.0 1 1 
6.6 74.78 3.0 3.6926 336.47224 0.0 0.0 27.0 25.0 5.0 3.0 15.0 2.0 99.3051 10.0 1 0 
1.5 69.23 1.0 2.3171 316.41464 0.0 0.0 24.0 23.0 3.0 4.0 16.0 2.0 89.8092 6.0 0 1 
10 75.53 3.0 1.3374 406.4429464 0.0 2.0 34.0 31.0 6.0 4.0 22.0 0.0 104.599 12.0 1 0 
1.2 56.73 1.0 3.769 471.01482 0.0 0.0 37.0 34.0 5.0 6.0 19.0 1.0 140.9717 17.0 1 0 
5 13.67 1.0 3.3901 254.3468 0.0 0.0 22.0 20.0 2.0 1.0 10.0 0.0 82.0267 12.0 1 0 
0.5 148.77 4.0 -1.3902 297.2673 0.0 0.0 23.0 21.0 9.0 10.0 13.0 0.0 69.1658 10.0 0 0 
1.3 29.54 0.0 1.9437 223.29146 0.0 0.0 16.0 16.0 3.0 3.0 9.0 1.0 65.419 6.0 1 0 
3.2 213.75 8.0 -7.4035 480.61924 0.0 0.0 48.0 46.0 20.0 7.0 47.0 1.0 124.1225 0.0 5 0 
53 63.57 1.0 2.4783 266.29786 0.0 0.0 23.0 20.0 3.0 4.0 5.0 1.0 78.1967 17.0 0 0 
4.1 114.89 2.0 3.1127 480.5329 0.0 0.0 38.0 36.0 7.0 5.0 21.0 5.0 137.5864 12.0 2 1 
2 17.33 1.0 2.0004 163.2395 0.0 0.0 14.0 13.0 2.0 1.0 8.0 0.0 54.0907 6.0 1 0 
1.9 110.45 1.0 3.0276 346.33462 0.0 0.0 26.0 25.0 6.0 5.0 15.0 5.0 94.5247 6.0 1 1 
1.3 119.68 1.0 3.8228 418.44034 0.0 0.0 31.0 30.0 7.0 6.0 20.0 5.0 114.8377 6.0 1 1 
11 110.45 1.0 4.0538 388.41436 0.0 0.0 29.0 28.0 6.0 5.0 18.0 5.0 108.9457 6.0 1 1 
26 87.28 1.0 2.4811 281.26614 0.0 0.0 23.0 21.0 4.0 3.0 8.0 3.0 86.8617 12.0 1 1 
8.2 110.45 1.0 3.4177 360.3612 0.0 0.0 27.0 26.0 6.0 5.0 16.0 5.0 99.3317 6.0 1 1 
0.97 120.73 1.0 0.8634 238.15704 0.0 0.0 18.0 17.0 6.0 6.0 9.0 4.0 62.8047 5.0 1 1 
1.5 145.33 3.0 -0.2067 333.47332 0.0 0.0 24.0 24.0 7.0 4.0 17.0 2.0 91.9318 5.0 3 1 
14 168.24 3.0 0.5882 588.57976 0.0 0.0 51.0 45.0 15.0 12.0 38.0 1.0 141.9109 12.0 1 0 
6.5 30.46 2.0 3.5794 239.33546 0.0 0.0 21.0 19.0 2.0 1.0 9.0 0.0 80.5391 12.0 1 0 
4.4 42.91 1.0 1.3993 260.35138 0.0 0.0 22.0 21.0 4.0 2.0 14.0 2.0 77.3104 6.0 1 0 
30 16.61 1.0 2.8002 264.38468 0.0 0.0 24.0 22.0 2.0 0.0 11.0 1.0 87.3184 12.0 1 0 
8.9 79.04 1.0 0.4264 361.3675032 0.0 1.0 30.0 27.0 5.0 6.0 17.0 2.0 100.8527 11.0 1 1 
2.5 182.17 5.0 4.3466 870.65302 0.0 0.0 63.0 58.0 15.0 12.0 41.0 4.0 230.7844 18.0 2 1 
0.9 145.44 2.0 0.2402 300.22312 0.0 0.0 23.0 22.0 6.0 8.0 8.0 3.0 71.14 12.0 0 2 
0.58 96.31 1.0 3.7654 345.41606 0.0 0.0 27.0 25.0 5.0 5.0 11.0 0.0 93.6992 16.0 1 1 
3.4 39.82 0.0 3.1285 293.36296 0.0 0.0 25.0 22.0 2.0 4.0 9.0 1.0 87.3945 15.0 0 0 
1.8 106.1 2.0 -0.8537 284.35136 0.0 0.0 23.0 23.0 7.0 5.0 20.0 3.0 74.7053 0.0 1 1 
0.7 140.87 1.0 0.8894 400.42832 0.0 0.0 31.0 28.0 7.0 9.0 17.0 3.0 103.7917 11.0 0 1 
6.7 61.69 2.0 2.0215 286.71304 0.0 0.0 22.0 20.0 4.0 4.0 8.0 2.0 84.2115 12.0 0 0 
7.5 83.63 2.0 -1.2969 158.1552 0.0 0.0 11.0 11.0 5.0 5.0 9.0 2.0 39.9222 0.0 0 0 
7.2 50.97 2.0 1.9258 358.49438 1.0 0.0 28.0 27.0 4.0 3.0 20.0 1.0 106.0445 6.0 1 0 
5.5 60.2 2.0 1.2003 316.37158 0.0 0.0 28.0 24.0 5.0 4.0 21.0 1.0 88.4145 6.0 1 0 
10 211.54 5.0 -1.7772 458.41808 0.0 0.0 37.0 34.0 8.0 10.0 26.0 5.0 106.8625 6.0 1 3 
11 221.29 4.0 4.1266 853.90614 0.0 0.0 68.0 62.0 15.0 15.0 43.0 7.0 218.9591 18.0 0 0 
39 24.75 1.0 2.7465 297.4146 0.0 0.0 27.0 23.0 3.0 2.0 20.0 1.0 95.9602 6.0 1 0 
32 193.87 2.0 -0.6273 232.045642 0.0 0.0 15.0 16.0 6.0 7.0 13.0 2.0 37.5449 0.0 1 4 
1.9 52.6 0.0 6.0281 572.8619 0.0 0.0 46.0 41.0 4.0 4.0 44.0 2.0 175.461 0.0 2 0 
0.96 134.8 2.0 -2.5798 339.40994 0.0 0.0 27.0 25.0 8.0 7.0 23.0 4.0 94.0667 0.0 1 1 
1.9 105.54 1.0 3.75 383.3698064 0.0 2.0 29.0 27.0 6.0 6.0 13.0 0.0 90.3612 16.0 1 1 
1.8 49.81 0.0 3.86 339.38504 0.0 0.0 27.0 25.0 5.0 5.0 10.0 0.0 97.164 17.0 0 0 
5.3 60.69 3.0 5.5606 416.63646 0.0 0.0 32.0 30.0 3.0 3.0 29.0 3.0 127.4024 0.0 0 0 
13 44.3 1.0 3.8695 330.3733432 0.0 1.0 29.0 26.0 5.0 3.0 17.0 0.0 93.0424 12.0 1 0 
11 69.81 1.0 0.4929 333.3574032 0.0 1.0 27.0 25.0 4.0 5.0 14.0 2.0 96.4747 11.0 1 1 
2.1 130.05 4.0 -0.7261 253.2578 0.0 0.0 20.0 19.0 7.0 7.0 9.0 1.0 65.3667 10.0 0 0 
0.7 114.84 1.0 -0.1451 333.38218 0.0 0.0 25.0 23.0 6.0 7.0 16.0 3.0 87.9142 6.0 0 1 
25 121.68 4.0 0.6441 342.43534 0.0 0.0 30.0 29.0 8.0 4.0 16.0 2.0 102.0406 12.0 2 0 
2.5 24.67 2.0 4.0347 286.43172 0.0 0.0 24.0 22.0 2.0 1.0 17.0 1.0 94.2287 6.0 1 0 
22 75.27 2.0 1.8426 226.27222 0.0 0.0 16.0 16.0 5.0 5.0 13.0 3.0 67.0394 0.0 0 0 
1.2 78.89 0.0 0.193 278.30702 0.0 0.0 21.0 20.0 4.0 7.0 8.0 3.0 76.274 10.0 0 0 
29 117.18 1.0 -2.2956 339.40668 0.0 0.0 27.0 26.0 6.0 6.0 24.0 3.0 90.3344 0.0 1 2 
9.4 56.45 2.0 4.0977 404.97658 0.0 0.0 31.0 28.0 5.0 3.0 19.0 0.0 125.0435 12.0 1 0 
0.92 38.33 1.0 2.1167 179.21572 0.0 0.0 13.0 13.0 3.0 3.0 6.0 1.0 52.0537 6.0 0 0 
16 4.44 1.0 4.484 244.39504 0.0 0.0 21.0 19.0 1.0 0.0 15.0 0.0 82.9067 6.0 1 0 
0.91 124.07 1.0 0.0797 363.40816 0.0 0.0 27.0 25.0 7.0 8.0 18.0 3.0 94.2472 6.0 0 1 
99 75.27 2.0 1.358 232.23528 0.0 0.0 18.0 17.0 5.0 5.0 9.0 3.0 67.6344 6.0 0 0 
0.84 124.07 1.0 -0.3088 349.38158 0.0 0.0 26.0 24.0 7.0 8.0 17.0 3.0 89.4402 6.0 0 1 
1.8 79.37 2.0 2.863 334.37182 0.0 0.0 29.0 26.0 6.0 5.0 11.0 2.0 104.0294 16.0 0 0 
2.2 61.86 3.0 0.8794 249.32874 0.0 0.0 22.0 21.0 5.0 2.0 12.0 0.0 74.0469 10.0 1 0 
0.96 184.56 2.0 -0.9795 516.54684 0.0 0.0 39.0 36.0 12.0 13.0 27.0 6.0 136.8619 6.0 0 1 
1.9 59.08 0.0 -2.175 776.72576 0.0 0.0 49.0 46.0 6.0 6.0 47.0 2.0 211.484 0.0 2 2 
1.3 121.14 1.0 2.9361 361.39228 0.0 0.0 27.0 25.0 6.0 7.0 12.0 3.0 93.6114 12.0 0 1 
8 75.76 3.0 4.69668 432.60094 1.0 0.0 37.0 34.0 5.0 3.0 23.0 1.0 137.0898 12.0 2 0 
8.4 37.56 2.0 4.5127 339.49434 0.0 0.0 28.0 26.0 3.0 2.0 16.0 0.0 108.4645 12.0 1 0 
730 439.57 6.0 8.3778 1117.08414 0.0 0.0 83.0 76.0 19.0 27.0 28.0 13.0 266.0698 42.0 0 4 
0.78 127.12 3.0 1.1057 423.5198 0.0 0.0 31.0 30.0 6.0 7.0 27.0 4.0 112.0989 0.0 0 1 
2 106.95 1.0 2.3687 383.40114 0.0 0.0 31.0 28.0 8.0 9.0 14.0 1.0 110.3609 16.0 0 0 
3.4 94.83 3.0 1.5576 360.44402 0.0 0.0 29.0 26.0 5.0 5.0 25.0 4.0 97.0604 0.0 0 0 
2.9 91.67 2.0 1.7658 358.42814 0.0 0.0 29.0 26.0 5.0 5.0 24.0 5.0 96.0986 0.0 0 0 
1.8 45.71 2.0 1.3684 221.31864 0.0 0.0 18.0 18.0 4.0 2.0 11.0 1.0 69.0081 6.0 1 0 
7.1 61.79 2.0 2.1389 260.35468 0.0 0.0 23.0 22.0 6.0 3.0 12.0 0.0 80.7338 11.0 1 0 
5.9 85.89 0.0 1.9416 284.35132 0.0 0.0 19.0 19.0 4.0 5.0 10.0 3.0 71.484 6.0 0 1 
3.1 59.56 3.0 0.8954 236.33328 0.0 0.0 18.0 18.0 4.0 3.0 11.0 1.0 72.0313 6.0 1 0 
9 36.22 1.0 4.7352 374.9506 0.0 0.0 29.0 26.0 4.0 2.0 17.0 0.0 119.0747 12.0 1 0 
12 24.67 2.0 4.0925 288.4476 0.0 0.0 24.0 22.0 2.0 1.0 18.0 0.0 93.6825 6.0 1 0 
7.9 32.98 1.0 2.8889 285.42704 0.0 0.0 23.0 21.0 3.0 1.0 11.0 0.0 91.3267 12.0 1 0 
14 32.98 1.0 2.8873 285.42704 0.0 0.0 23.0 21.0 3.0 1.0 11.0 0.0 91.3267 12.0 1 0 
2.1 63.14 2.0 2.2152 342.45192 0.0 0.0 28.0 27.0 5.0 3.0 15.0 1.0 101.6787 12.0 1 0 
3.2 20.23 1.0 3.639 178.27072 0.0 0.0 13.0 13.0 1.0 1.0 7.0 0.0 57.625 6.0 0 0 
18 30.74 1.0 2.8584 340.4791 0.0 0.0 27.0 26.0 3.0 2.0 14.0 1.0 104.4797 12.0 1 0 
3.4 46.07 2.0 1.5513 260.35138 0.0 0.0 22.0 21.0 4.0 2.0 11.0 0.0 79.6962 11.0 1 0 
1.3 80.74 2.0 1.385 170.2321 0.0 0.0 13.0 13.0 4.0 2.0 5.0 2.0 46.8274 6.0 0 0 
20 187.07 3.0 6.3285 516.41088 0.0 0.0 46.0 39.0 5.0 9.0 13.0 2.0 136.5068 31.0 0 4 
1.5 33.42 0.0 0.5715 181.21172 0.0 0.0 13.0 13.0 3.0 3.0 6.0 1.0 49.624 6.0 1 0 
140 77.82 2.0 3.6862 248.71142 0.0 0.0 18.0 17.0 4.0 4.0 6.0 0.0 71.0598 12.0 0 0 
120 39.84 3.0 4.0474 401.97268 0.0 0.0 32.0 30.0 4.0 2.0 16.0 0.0 123.5611 16.0 2 0 
2.3 117.18 1.0 -1.6691 409.455 0.0 0.0 34.0 32.0 6.0 6.0 19.0 3.0 112.7394 12.0 1 2 
6.6 46.79 2.0 3.3253 325.4247 0.0 0.0 28.0 25.0 4.0 3.0 16.0 1.0 100.6975 11.0 1 0 
11 46.79 2.0 3.3253 325.4247 0.0 0.0 28.0 25.0 4.0 3.0 16.0 1.0 100.6975 11.0 1 0 
0.87 257.7 5.0 3.3378 1023.22632 0.0 0.0 81.0 74.0 20.0 19.0 55.0 8.0 297.4073 18.0 1 0 
1 96.31 1.0 3.8551 359.44264 0.0 0.0 28.0 26.0 5.0 5.0 12.0 0.0 97.7472 16.0 1 1 
2.1 117.34 3.0 -0.0702 316.41966 0.0 0.0 24.0 24.0 6.0 3.0 17.0 2.0 88.5258 5.0 3 1 
0.68 44.9 3.0 3.002 268.33032 0.0 0.0 24.0 21.0 3.0 2.0 12.0 0.0 83.9817 12.0 1 0 
10 44.3 1.0 3.7368 314.39876 0.0 0.0 27.0 25.0 5.0 3.0 15.0 0.0 94.5984 12.0 1 0 
5 57.74 3.0 2.2507 264.38644 0.0 0.0 21.0 21.0 5.0 3.0 14.0 1.0 81.9718 6.0 1 0 
0.8 77.35 1.0 2.1524 377.45466 0.0 0.0 29.0 28.0 7.0 6.0 20.0 3.0 106.8007 6.0 1 0 
5.5 52.0 2.0 3.2234 372.27736 0.0 0.0 24.0 23.0 5.0 4.0 17.0 1.0 94.6239 6.0 1 0 
0.87 81.7 1.0 4.3411 451.5778 0.0 0.0 35.0 33.0 5.0 6.0 21.0 2.0 133.5037 12.0 0 1 
1.2 88.67 1.0 2.5872 401.4992 0.0 0.0 33.0 30.0 7.0 5.0 18.0 3.0 111.3869 12.0 1 0 
45 143.72 4.0 -2.3112 244.20468 0.0 0.0 18.0 17.0 8.0 9.0 12.0 1.0 51.0633 5.0 0 0 
2.5 268.86 10.0 -9.5195 458.50442 0.0 0.0 45.0 43.0 22.0 10.0 45.0 0.0 104.6622 0.0 4 0 
37 214.16 5.0 5.5134 848.01262 0.0 0.0 69.0 64.0 15.0 13.0 54.0 9.0 244.7879 6.0 2 1 
3.8 221.35 7.0 4.5634 823.94816 0.0 0.0 64.0 60.0 16.0 15.0 46.0 7.0 235.1875 11.0 1 0 
200 179.12 1.0 1.3784 279.080502 0.0 0.0 17.0 17.0 4.0 8.0 9.0 2.0 51.0548 6.0 0 4 
3.2 65.36 1.0 3.7425 411.4924232 0.0 1.0 35.0 31.0 4.0 5.0 18.0 1.0 118.6707 16.0 1 0 
2.6 77.3 4.0 1.3258 288.36148 0.0 0.0 24.0 23.0 5.0 3.0 12.0 0.0 84.3902 12.0 1 0 
1.4 33.98 1.0 1.3426 251.34462 0.0 0.0 19.0 19.0 4.0 3.0 12.0 1.0 74.3807 6.0 1 0 
2.2 50.94 2.0 0.4947 270.3528 0.0 0.0 24.0 22.0 4.0 3.0 9.0 0.0 81.1684 15.0 1 0 
1.6 60.2 2.0 4.5184 530.78216 0.0 0.0 44.0 39.0 5.0 4.0 42.0 2.0 161.4335 0.0 2 0 
8.8 181.76 5.0 -0.2211 526.55828 0.0 0.0 44.0 40.0 8.0 9.0 33.0 5.0 135.4897 6.0 2 3 
11 208.27 5.0 2.9712 541.72366 0.0 0.0 36.0 36.0 11.0 11.0 29.0 7.0 157.3201 0.0 0 0 
2.2 33.54 2.0 3.7315 275.40908 0.0 0.0 22.0 21.0 3.0 2.0 15.0 1.0 89.9954 6.0 1 0 
31 65.37 0.0 2.9589 307.3233 0.0 0.0 25.0 23.0 3.0 5.0 6.0 2.0 88.718 17.0 0 1 
3.9 84.8 0.0 2.6055 356.41882 0.0 0.0 27.0 25.0 6.0 6.0 13.0 2.0 100.671 12.0 0 1 
2 152.13 2.0 2.1478 480.5296832 0.0 1.0 34.0 33.0 8.0 9.0 18.0 4.0 121.4561 12.0 0 1 
20 193.22 3.0 5.8475 829.9278 0.0 0.0 66.0 60.0 14.0 14.0 47.0 7.0 215.8478 12.0 0 0 
13 167.95 6.0 5.1175 671.84874 0.0 0.0 54.0 50.0 11.0 10.0 33.0 4.0 193.8295 17.0 1 0 
4.5 63.5 2.0 1.0702 304.36088 0.0 0.0 26.0 23.0 5.0 4.0 19.0 1.0 84.4415 6.0 1 0 
1.3 4.44 1.0 0.7655 188.28872 1.0 0.0 15.0 15.0 1.0 0.0 8.0 0.0 62.5657 6.0 1 0 
3.8 88.09 3.0 1.2573 314.42366 0.0 0.0 22.0 22.0 6.0 5.0 13.0 3.0 85.8966 6.0 1 0 
3.9 123.0 2.0 2.7817 475.58434 0.0 0.0 38.0 35.0 9.0 8.0 19.0 3.0 135.5184 16.0 1 0 
2.4 224.78 8.0 -7.7449 452.56608 0.0 0.0 47.0 45.0 21.0 7.0 46.0 1.0 114.4142 0.0 5 0 
6.6 93.01 1.0 0.7161 409.8143264 0.0 2.0 35.0 31.0 6.0 5.0 22.0 2.0 102.8531 11.0 1 1 
12 78.66 1.0 1.2376 408.3215592 0.0 6.0 33.0 31.0 7.0 5.0 21.0 1.0 88.5101 11.0 1 0 
52 33.98 1.0 3.9549 363.47268 0.0 0.0 32.0 28.0 4.0 3.0 19.0 1.0 114.0407 12.0 1 0 
6.3 91.39 3.0 1.2171 273.37174 0.0 0.0 20.0 20.0 6.0 4.0 12.0 2.0 74.1269 6.0 1 0 
20 108.0 2.0 1.9361 392.3997864 0.0 2.0 33.0 30.0 6.0 6.0 20.0 2.0 108.2428 11.0 1 1 
1.8 138.67 5.0 -4.978 334.36544 0.0 0.0 29.0 27.0 11.0 7.0 28.0 1.0 78.1672 0.0 2 0 
9.5 155.9 4.0 3.5222 629.97788 0.0 0.0 53.0 50.0 11.0 5.0 51.0 2.0 179.5911 0.0 3 1 
1.4 84.32 2.0 -0.7091 224.21328 0.0 0.0 18.0 17.0 5.0 5.0 9.0 3.0 56.4375 6.0 0 0 
4.3 339.49 14.0 -10.2249 584.59788 0.0 0.0 48.0 46.0 22.0 16.0 45.0 3.0 133.026 0.0 3 0 
14 62.22 1.0 4.3669 387.55874 0.0 0.0 30.0 28.0 4.0 4.0 18.0 1.0 118.0657 11.0 1 0 
1.1 102.96 0.0 -1.111 232.2337 0.0 0.0 16.0 15.0 5.0 6.0 12.0 4.0 52.1845 0.0 0 1 
1.2 180.42 1.0 -0.0205 412.43744 0.0 0.0 29.0 27.0 8.0 10.0 18.0 5.0 96.5986 6.0 0 2 
7 94.32 1.0 3.1149 249.26906 0.0 0.0 18.0 17.0 5.0 5.0 4.0 2.0 63.1274 12.0 0 1 
9.8 94.57 1.0 3.6213 252.2697 0.0 0.0 18.0 17.0 4.0 5.0 5.0 2.0 62.5644 11.0 0 1 
6.2 76.9 0.0 4.7495 403.47356 0.0 0.0 32.0 29.0 4.0 5.0 12.0 2.0 119.5685 18.0 1 2 
7.4 106.6 2.0 3.4094 267.30422 0.0 0.0 19.0 18.0 5.0 6.0 6.0 2.0 67.9531 11.0 0 0 
1.7 74.78 3.0 1.3758 296.40838 0.0 0.0 23.0 22.0 5.0 3.0 11.0 2.0 83.3781 10.0 1 0 
2.1 85.44 0.0 1.8325 259.30034 0.0 0.0 19.0 18.0 2.0 4.0 6.0 2.0 68.603 11.0 0 1 
1200 551.01 6.0 11.6104 1291.23206 0.0 0.0 93.0 86.0 23.0 29.0 30.0 17.0 295.0086 46.0 0 6 
3.3 40.16 2.0 2.6961 199.2716 0.0 0.0 18.0 16.0 2.0 1.0 7.0 0.0 64.4741 11.0 1 0 
26 178.36 3.0 4.5769 804.01816 0.0 0.0 60.0 57.0 13.0 13.0 53.0 7.0 220.3034 0.0 0 0 
11 87.2 4.0 2.7063 364.50226 0.0 0.0 29.0 28.0 7.0 5.0 22.0 1.0 106.4596 6.0 1 0 
6.8 112.84 2.0 3.0958 409.51966 0.0 0.0 31.0 30.0 8.0 6.0 17.0 2.0 109.4938 12.0 1 0 
11 87.03 4.0 1.7767 302.39466 0.0 0.0 26.0 25.0 7.0 4.0 14.0 2.0 92.1465 10.0 1 0 
150 666.86 23.0 1.6427 1877.6424 0.0 0.0 148.0 135.0 43.0 41.0 96.0 10.0 475.7832 42.0 1 1 
6.7 630.13 20.0 2.2814 1755.634901 0.0 0.0 136.0 127.0 38.0 35.0 97.0 9.0 451.2343 30.0 3 3 
12 173.05 2.0 3.45 813.01164 0.0 0.0 63.0 59.0 14.0 14.0 48.0 4.0 222.6325 11.0 1 0 
20 75.77 0.0 5.9297 513.60896 0.0 0.0 44.0 39.0 3.0 6.0 11.0 1.0 155.47 32.0 0 1 
1.5 108.17 1.0 -1.3778 194.15084 0.0 0.0 15.0 14.0 6.0 8.0 3.0 2.0 44.3989 10.0 0 0 
18 241.96 4.0 5.6603 1030.28708 0.0 0.0 76.0 73.0 17.0 17.0 66.0 10.0 279.9002 0.0 0 0 
16 189.07 3.0 2.7529 656.65368 0.0 0.0 53.0 46.0 13.0 14.0 35.0 1.0 156.6646 17.0 0 0 
5.8 151.85 1.0 1.4064 285.196441 0.0 0.0 20.0 19.0 6.0 9.0 9.0 1.0 64.4179 10.0 0 2 
67 136.22 2.0 2.7342 337.37414 0.0 0.0 24.0 22.0 7.0 8.0 9.0 4.0 85.4015 11.0 0 0 
9 103.04 1.0 1.6409 387.4329 0.0 0.0 31.0 28.0 9.0 9.0 19.0 1.0 111.5854 11.0 0 0 
15 77.3 4.0 0.4931 226.2921 0.0 0.0 18.0 18.0 5.0 3.0 12.0 0.0 64.7482 6.0 1 0 
56 16.61 1.0 3.959 282.44302 0.0 0.0 24.0 23.0 2.0 0.0 12.0 0.0 93.6414 12.0 1 0 
45 110.34 0.0 2.4248 407.45742 0.0 0.0 29.0 28.0 6.0 7.0 14.0 3.0 102.7925 12.0 0 1 
9.4 191.31 4.0 -0.748 442.41868 0.0 0.0 36.0 33.0 7.0 9.0 25.0 5.0 105.7007 6.0 1 3 
3.8 205.59 2.0 3.9928 604.61704 0.0 0.0 47.0 43.0 14.0 14.0 16.0 2.0 152.3615 29.0 0 1 
4.7 83.55 1.0 0.3545 258.2295 0.0 0.0 21.0 19.0 6.0 6.0 11.0 4.0 70.9517 6.0 0 0 
7.2 72.68 1.0 -1.0397 180.16402 0.0 0.0 15.0 14.0 4.0 5.0 3.0 2.0 47.1377 10.0 0 0 
2 90.29 2.0 2.0075 242.33782 0.0 0.0 16.0 16.0 5.0 5.0 13.0 3.0 74.2414 0.0 0 0 
2.7 50.93 0.0 0.622 189.218341 0.0 0.0 13.0 11.0 4.0 4.0 12.0 1.0 60.615 0.0 0 0 
10 101.05 1.0 3.8622 375.548 0.0 0.0 28.0 26.0 2.0 4.0 16.0 2.0 110.6512 10.0 1 1 
5.9 154.14 4.0 -0.9037 260.26698 0.0 0.0 18.0 17.0 7.0 8.0 12.0 1.0 56.8593 5.0 0 0 
1 183.21 1.0 -1.7926 382.41146 0.0 0.0 27.0 25.0 7.0 10.0 18.0 4.0 90.4277 5.0 0 2 
48 220.03 5.0 -0.9736 584.64072 0.0 0.0 48.0 45.0 11.0 11.0 36.0 6.0 151.694 6.0 2 3 
5 30.74 1.0 1.3506 274.37796 0.0 0.0 22.0 21.0 3.0 2.0 14.0 2.0 82.2117 6.0 1 0 
2.2 112.56 2.0 -0.4587 317.4276 0.0 0.0 24.0 23.0 8.0 7.0 19.0 0.0 86.2292 5.0 1 0 
13 106.16 0.0 2.1384 247.27152 0.0 0.0 16.0 16.0 4.0 4.0 8.0 3.0 60.662 5.0 1 1 
0.78 89.83 1.0 1.2552 178.14814 0.0 0.0 14.0 13.0 2.0 4.0 3.0 0.0 48.4714 11.0 2 2 
1.6 120.52 2.0 3.6305 440.59664 0.0 0.0 33.0 32.0 7.0 6.0 24.0 3.0 122.3586 6.0 1 1 
2.4 92.05 3.0 1.7674 254.71926 0.0 0.0 19.0 17.0 5.0 5.0 8.0 1.0 73.9211 10.0 1 0 
2 276.27 10.0 -9.8798 472.55418 0.0 0.0 49.0 47.0 24.0 9.0 49.0 0.0 112.2725 0.0 5 0 
12 56.74 2.0 0.9453 193.26548 0.0 0.0 17.0 17.0 5.0 2.0 10.0 1.0 59.4588 6.0 1 0 
2.5 98.39 3.0 1.1763 345.4128 0.0 0.0 28.0 27.0 7.0 5.0 15.0 1.0 96.4571 12.0 1 0 
7 83.65 2.0 3.6456 270.34792 0.0 0.0 18.0 18.0 5.0 5.0 9.0 3.0 69.9224 6.0 0 0 
1.1 106.18 1.0 3.5068 272.2329 0.0 0.0 21.0 20.0 3.0 3.0 7.0 2.0 72.26 12.0 1 2 
1.6 49.77 1.0 1.3775 207.22582 0.0 0.0 16.0 15.0 4.0 4.0 9.0 1.0 58.8858 6.0 0 0 
2.4 24.67 2.0 3.9243 326.49558 0.0 0.0 26.0 25.0 2.0 1.0 14.0 0.0 105.4937 12.0 1 0 
1.7 223.46 6.0 -3.4982 538.64024 0.0 0.0 43.0 40.0 14.0 12.0 37.0 6.0 146.8932 0.0 2 1 
45 101.09 4.0 -1.2792 396.48602 0.0 0.0 35.0 32.0 8.0 6.0 15.0 1.0 118.7806 19.0 2 0 
2.3 106.09 3.0 0.4297 422.45376 0.0 0.0 36.0 32.0 7.0 7.0 17.0 2.0 116.0715 17.0 1 0 
5.1 108.57 3.0 4.4655 348.42 0.0 0.0 25.0 24.0 7.0 6.0 10.0 3.0 92.4541 12.0 0 0 
44 199.8 5.0 4.0462 763.8531 0.0 0.0 65.0 57.0 16.0 13.0 45.0 2.0 209.4889 18.0 2 0 
5.8 33.9 2.0 1.2175 264.38314 0.0 0.0 21.0 20.0 3.0 2.0 15.0 0.0 79.4405 6.0 1 0 
2.3 67.77 1.0 -1.2154 157.2102 0.0 0.0 14.0 14.0 4.0 2.0 13.0 1.0 42.2506 0.0 1 1 
3.7 65.13 4.0 2.9498 328.42534 0.0 0.0 27.0 25.0 4.0 3.0 15.0 0.0 99.4333 12.0 1 0 
7.3 46.98 1.0 2.5788 372.87182 0.0 0.0 30.0 27.0 4.0 5.0 13.0 1.0 112.0817 16.0 1 0 
2.4 93.06 2.0 2.4188 434.4977432 0.0 1.0 35.0 31.0 6.0 6.0 31.0 4.0 110.5026 0.0 0 0 
4.3 129.62 3.0 2.577 253.26264 0.0 0.0 21.0 19.0 7.0 7.0 4.0 0.0 73.7772 17.0 0 0 
2.7 43.07 0.0 3.6691 343.20998 0.0 0.0 26.0 23.0 3.0 4.0 8.0 1.0 95.661 17.0 0 0 
3.1 132.5 2.0 1.8514 435.47416 0.0 0.0 33.0 31.0 11.0 11.0 21.0 1.0 121.7802 11.0 0 0 
9.6 105.51 2.0 2.42 290.31772 0.0 0.0 22.0 21.0 7.0 7.0 10.0 0.0 79.7698 12.0 0 0 
17 117.54 3.0 3.9759 369.41762 0.0 0.0 29.0 27.0 8.0 8.0 12.0 0.0 106.5815 17.0 0 0 
23 7.68 1.0 2.7689 295.44178 0.0 0.0 25.0 23.0 2.0 0.0 13.0 0.0 99.8287 12.0 1 0 
5.6 46.53 2.0 3.102 285.36084 0.0 0.0 26.0 23.0 4.0 2.0 15.0 1.0 86.7729 10.0 1 0 
11 138.67 5.0 -3.8077 376.44518 0.0 0.0 32.0 30.0 11.0 7.0 31.0 1.0 92.5882 0.0 2 0 
11 105.9 1.0 -0.092 416.3533096 0.0 3.0 37.0 33.0 7.0 6.0 18.0 2.0 103.5311 17.0 1 1 
82 99.6 2.0 -0.7295 213.19064 0.0 0.0 16.0 15.0 6.0 7.0 9.0 1.0 49.8022 6.0 0 0 
2 81.82 3.0 6.8119 610.73918 0.0 0.0 52.0 46.0 7.0 6.0 28.0 0.0 183.9627 24.0 2 0 
1.4 131.71 3.0 1.3623 368.19314 0.0 0.0 25.0 24.0 8.0 6.0 10.0 4.0 84.3492 11.0 0 0 
3.5 72.94 2.0 1.0069 388.4839 0.0 0.0 31.0 29.0 6.0 7.0 17.0 2.0 119.6414 12.0 1 0 
12 40.13 0.0 0.9527 143.2035 0.0 0.0 9.0 10.0 1.0 2.0 8.0 1.0 40.3995 0.0 0 1 
9.5 112.0 0.0 2.4561 433.50288 0.0 0.0 34.0 32.0 6.0 7.0 15.0 2.0 119.9805 17.0 0 2 
10 275.64 4.0 4.6037 1214.62194 0.0 0.0 86.0 86.0 23.0 23.0 73.0 13.0 379.3108 0.0 0 0 
6.5 539.52 18.0 -0.2363 1450.26154 0.0 0.0 115.0 106.0 35.0 31.0 77.0 8.0 368.8994 30.0 2 1 
4.5 122.48 2.0 3.2412 489.61092 0.0 0.0 39.0 36.0 9.0 8.0 20.0 3.0 139.4884 16.0 1 0 
1.4 57.04 1.0 3.0808 638.73932 0.0 0.0 46.0 42.0 5.0 4.0 44.0 2.0 179.4867 0.0 2 1 
5 33.9 2.0 1.6185 278.40972 0.0 0.0 22.0 21.0 3.0 2.0 16.0 0.0 84.4025 6.0 1 0 
2.8 65.15 1.0 3.67598 455.60956 1.0 0.0 35.0 34.0 6.0 5.0 22.0 0.0 133.7187 12.0 1 0 
2.3 123.93 0.0 5.1419 514.07924 0.0 0.0 36.0 34.0 6.0 7.0 16.0 3.0 143.6525 17.0 0 1 
4.1 44.3 1.0 1.9955 238.3028 0.0 0.0 20.0 19.0 5.0 3.0 14.0 0.0 70.1114 6.0 1 0 
67 156.5 5.0 4.3601 812.99 0.0 0.0 70.0 62.0 13.0 10.0 50.0 4.0 234.4497 16.0 2 0 
23 173.57 5.0 4.5226 826.97352 0.0 0.0 71.0 63.0 14.0 11.0 50.0 5.0 235.0387 16.0 2 0 
35 167.22 7.0 3.8019 755.94198 0.0 0.0 66.0 58.0 12.0 9.0 47.0 3.0 221.5279 16.0 2 0 
26 136.27 4.0 5.1228 780.94814 0.0 0.0 68.0 60.0 12.0 9.0 47.0 5.0 227.9689 16.0 2 0 
5.6 76.72 1.0 2.1769 349.3104696 0.0 3.0 27.0 25.0 5.0 6.0 10.0 0.0 81.1878 17.0 0 0 
0.76 78.43 3.0 2.935 264.3202 0.0 0.0 19.0 19.0 5.0 5.0 11.0 2.0 73.3279 6.0 0 0 
29 70.34 0.0 4.0478 307.32 0.0 0.0 25.0 23.0 2.0 4.0 6.0 2.0 86.6905 17.0 0 1 
7.7 107.87 4.0 -0.9341 340.39474 0.0 0.0 27.0 26.0 9.0 7.0 20.0 1.0 92.6139 6.0 1 0 
1.2 90.37 2.0 0.0766 211.21782 0.0 0.0 16.0 15.0 5.0 6.0 9.0 1.0 53.5242 6.0 0 0 
1.1 74.29 0.0 2.64078 305.3339 1.0 0.0 25.0 23.0 5.0 6.0 7.0 1.0 87.159 16.0 0 0 
1.7 205.16 7.0 -5.2481 332.3098 0.0 0.0 24.0 24.0 10.0 10.0 20.0 4.0 74.3801 0.0 1 1 
1.3 134.07 2.0 -0.74354 267.24132 0.0 0.0 21.0 20.0 6.0 6.0 11.0 4.0 61.7325 6.0 1 1 
3.1 77.91 2.0 4.1641 413.94358 0.0 0.0 33.0 29.0 5.0 5.0 16.0 1.0 126.4394 16.0 1 0 
11 184.05 1.0 0.6374 268.057862 0.0 0.0 16.0 16.0 4.0 9.0 9.0 2.0 45.3408 5.0 0 4 
3.6 58.56 3.0 0.8346 288.36478 0.0 0.0 25.0 23.0 5.0 3.0 14.0 1.0 87.5031 10.0 1 0 
1.7 37.61 0.0 3.2488 307.38954 0.0 0.0 25.0 23.0 3.0 4.0 8.0 1.0 93.043 16.0 0 0 
0.78 158.63 1.0 -0.9432 330.23252 0.0 0.0 27.0 25.0 6.0 7.0 7.0 4.0 80.6712 16.0 1 2 
5.2 92.96 1.0 1.723 389.81622 0.0 0.0 31.0 28.0 9.0 8.0 17.0 2.0 107.9192 12.0 1 0 
35 218.8 2.0 5.9854 966.20996 0.0 0.0 73.0 69.0 16.0 17.0 59.0 9.0 264.6746 5.0 0 0 
